1 0.702138157894737 0.5072368421052631 0.12532894736842096 0.11447368421052637
1 0.8348684210526316 0.25131578947368427 0.14407894736842108 0.1447368421052632
0 0.5708881578947369 0.8815789473684211 0.042434210526315824 0.1
0 0.40016447368421054 0.2868421052631579 0.03256578947368418 0.09473684210526315
0 0.36463815789473686 0.3592105263157894 0.03651315789473685 0.09473684210526312
0 0.02171052631578948 0.2565789473684211 0.037500000000000006 0.12894736842105267
0 0.6488486842105263 0.07697368421052632 0.05427631578947363 0.1513157894736842
0 0.2738486842105263 0.0506578947368421 0.060197368421052604 0.1013157894736842
0 0.9009868421052631 0.8953947368421052 0.0434210526315789 0.1355263157894737
1 0.26299342105263157 0.9013157894736841 0.0917763157894737 0.12368421052631576
