1 0.7053775743707095 0.8695652173913043 0.1784897025171626 0.14187643020594962
0 0.8941647597254005 0.6910755148741419 0.16132723112128133 0.10983981693363852
1 0.30549199084668194 0.08466819221967964 0.2540045766590389 0.08695652173913043
1 0.11756292906178492 0.2425629290617849 0.21453089244851264 0.10068649885583525
0 0.7002288329519452 0.19336384439359267 0.19221967963386732 0.12585812356979406
1 0.750858123569794 0.3569794050343249 0.18707093821510298 0.1464530892448513
0 0.7362700228832952 0.4977116704805492 0.16132723112128147 0.08466819221967967
0 0.4307780320366133 0.37414187643020597 0.17162471395881013 0.09839816933638446
0 0.441933638443936 0.7036613272311213 0.21796338672768883 0.08924485125858127
0 0.731979405034325 0.7757437070938216 0.19736842105263164 0.07322654462242582
0 0.9573798627002289 0.13157894736842107 0.08524027459954225 0.2128146453089245
0 0.18792906178489704 0.8821510297482839 0.22139588100686503 0.06636155606407329
0 0.21195652173913046 0.6121281464530892 0.2145308924485126 0.09839816933638446
