0 0.5586384439359269 0.6315789473684211 0.15617848970251721 0.2700228832951945
0 0.7740274599542335 0.425629290617849 0.1441647597254004 0.33867276887871856
0 0.8727116704805493 0.7242562929061784 0.13215102974828383 0.1670480549199084
0 0.9453661327231121 0.6155606407322654 0.10926773455377571 0.17848970251716245
0 0.6032608695652174 0.15675057208237966 0.0806636155606407 0.2448512585812354
0 0.49170480549199086 0.14874141876430205 0.08066361556064074 0.2608695652173913
0 0.3320938215102975 0.10983981693363845 0.1321510297482838 0.2059496567505721
0 0.2093821510297483 0.16475972540045766 0.09267734553775746 0.20137299771167047
0 0.34839816933638446 0.6922196796338673 0.10297482837528606 0.11212814645308931
0 0.357837528604119 0.5045766590389016 0.1321510297482838 0.15331807780320367
0 0.09525171624713959 0.48627002288329524 0.11498855835240272 0.14874141876430208
0 0.4118993135011442 0.9473684210526315 0.09954233409610985 0.10526315789473685
0 0.6478832951945082 0.9519450800915331 0.12871853546910764 0.09610983981693366
