2 0.26430205949656754 0.2551487414187643 0.2540045766590389 0.2585812356979405
2 0.5646453089244852 0.09954233409610985 0.2505720823798627 0.1853546910755149
1 0.8770022883295195 0.24713958810068648 0.12700228832951935 0.18306636155606404
1 0.8778604118993135 0.6029748283752859 0.1664759725400458 0.2677345537757436
1 0.6564645308924486 0.494279176201373 0.1870709382151029 0.23798627002288328
1 0.5371853546910755 0.7540045766590389 0.18192219679633873 0.1578947368421052
0 0.35697940503432496 0.5789473684210527 0.16819221967963385 0.16933638443935928
0 0.6907894736842105 0.9405034324942793 0.1630434782608696 0.11899313501144164
2 0.17419908466819223 0.7791762013729976 0.27631578947368424 0.24027459954233407
0 0.08323798627002288 0.45423340961098396 0.14588100686498856 0.2128146453089245
