0 0.37499999999999994 0.6623134328358209 0.13152985074626866 0.18283582089552233
1 0.1833022388059701 0.8833955223880596 0.19029850746268653 0.23320895522388058
1 0.1322294776119403 0.37220149253731344 0.11333955223880596 0.22201492537313436
1 0.3973880597014925 0.4104477611940298 0.24626865671641784 0.23880597014925367
1 0.6499533582089552 0.7369402985074628 0.2952425373134329 0.23880597014925378
1 0.8994869402985074 0.8152985074626866 0.18143656716417922 0.1865671641791046
0 0.5030317164179103 0.17257462686567163 0.09095149253731342 0.13246268656716415
1 0.33232276119402976 0.04011194029850747 0.22807835820895517 0.08022388059701493
0 0.04687499999999999 0.07108208670544978 0.09374999999999999 0.08544776688760784
1 0.9365671641791045 0.3973880597014926 0.12686567164179124 0.19402985074626866
2 0.7402052238805971 0.2677238805970149 0.17070895522388058 0.333955223880597
