1 0.675 0.4296052631578947 0.13026315789473686 0.16973684210526316
0 0.6794407894736842 0.7052631578947368 0.0996710526315789 0.14473684210526322
0 0.5042763157894739 0.5993421052631579 0.0710526315789474 0.10394736842105265
1 0.4080592105263159 0.37565789473684214 0.10559210526315788 0.1381578947368421
0 0.32121710526315794 0.06842105263157895 0.11546052631578949 0.08684210526315789
0 0.39226973684210537 0.15526315789473683 0.11940789473684213 0.08157894736842106
1 0.11200657894736843 0.21381578947368418 0.1036184210526316 0.11184210526315788
0 0.19144736842105264 0.7815789473684212 0.07105263157894738 0.08947368421052644
0 0.32812500000000006 0.5947368421052632 0.08190789473684208 0.09473684210526315
2 0.37006578947368424 0.8625 0.16381578947368425 0.1513157894736841
0 0.6888157894736843 0.9282894736842106 0.0690789473684211 0.0960526315789474
1 0.17763157894736842 0.530921052631579 0.0986842105263158 0.12236842105263164
