1 0.4273455377574371 0.5091533180778032 0.2402745995423341 0.20366132723112124
1 0.5131578947368421 0.06178489702517163 0.17162471395881007 0.12356979405034325
0 0.28832951945080093 0.2780320366132723 0.24027459954233416 0.11670480549199085
0 0.5431922196796338 0.2482837528604119 0.13901601830663615 0.13501144164759724
1 0.7628718535469108 0.3146453089244851 0.21109839816933643 0.16247139588100687
0 0.7062356979405036 0.5389016018306636 0.18020594965675066 0.14874141876430208
1 0.8770022883295195 0.673913043478261 0.15102974828375296 0.29061784897025184
1 0.6547482837528605 0.856979405034325 0.19050343249427912 0.2082379862700229
0 0.28832951945080093 0.8157894736842105 0.2231121281464531 0.14874141876430202
1 0.4007437070938215 0.9267734553775745 0.20423340961098396 0.1464530892448512
1 0.14502288329519453 0.6990846681922197 0.2419908466819222 0.14874141876430208
