0 0.2042763157894737 0.5460526315789473 0.1480263157894737 0.1631578947368421
1 0.25312500000000004 0.17171052631578945 0.10953947368421055 0.15131578947368418
0 0.03996710526315789 0.3539473684210526 0.06217105263157894 0.19210526315789472
1 0.043421052631578944 0.6565789473684212 0.07697368421052632 0.15526315789473677
1 0.2422697368421053 0.8960526315789474 0.0976973684210526 0.1210526315789474
0 0.48355263157894735 0.9197368421052632 0.1184210526315789 0.08684210526315797
1 0.720888157894737 0.9144736842105263 0.1292763157894737 0.12631578947368424
0 0.3789473684210526 0.6223684210526317 0.12039473684210528 0.13157894736842102
0 0.5817434210526317 0.7552631578947369 0.14309210526315788 0.1184210526315789
0 0.7080592105263159 0.5888157894736842 0.09769736842105274 0.07236842105263165
2 0.6177631578947369 0.4296052631578947 0.15789473684210534 0.1539473684210526
0 0.48552631578947375 0.14539473684210524 0.09276315789473685 0.09868421052631579
2 0.7356907894736843 0.19144736842105264 0.1055921052631578 0.15921052631578947
0 0.8383223684210528 0.22828947368421054 0.046381578947368496 0.12236842105263161
1 0.8886513157894737 0.8368421052631579 0.09375 0.1421052631578948
0 0.15444078947368423 0.9138157894736841 0.0700657894736842 0.11710526315789466
