0 0.29021139705882354 0.234375 0.122702205882353 0.15257352941176472
2 0.5301011029411765 0.6709558823529411 0.16130514705882354 0.20588235294117652
2 0.7127757352941176 0.5257352941176471 0.14338235294117652 0.20955882352941174
1 0.5280330882352942 0.23988970588235292 0.1213235294117647 0.15257352941176472
0 0.5838694852941176 0.10753676470588236 0.13097426470588233 0.0827205882352941
0 0.2619485294117647 0.6029411764705881 0.11856617647058823 0.1323529411764705
1 0.3405330882352942 0.9411764705882354 0.1544117647058824 0.11397058823529406
1 0.048253676470588244 0.6525735294117648 0.0854779411764706 0.20588235294117646
2 0.8334099264705884 0.7803308823529411 0.16130514705882362 0.18566176470588233
0 0.9202665441176472 0.25459558823529416 0.10615808823529406 0.11580882352941177
2 0.1433823529411765 0.06158088235294118 0.1158088235294118 0.11580882352941177
