1 0.8857276119402985 0.21641791044776115 0.11473880597014925 0.24626865671641784
1 0.17000932835820895 0.25093283582089554 0.1161380597014925 0.17350746268656714
0 0.7290111940298507 0.16604477611940296 0.11194029850746276 0.20522388059701488
0 0.4260727611940298 0.5083955223880596 0.08815298507462685 0.20335820895522383
1 0.5324160447761194 0.23507462686567165 0.12173507462686572 0.2164179104477612
1 0.8395522388059701 0.7770522388059702 0.19029850746268664 0.22201492537313441
1 0.6359608208955223 0.6483208955223881 0.13013059701492538 0.22201492537313441
1 0.17630597014925375 0.6044776119402985 0.18470149253731347 0.2238805970149253
0 0.30433768656716415 0.7472014925373134 0.10774253731343286 0.12126865671641796
1 0.5149253731343283 0.878731343283582 0.16791044776119407 0.18656716417910446
