1 0.3207236842105263 0.13421052631578947 0.17171052631578954 0.17368421052631577
0 0.6256578947368421 0.8789473684210526 0.1164473684210526 0.11315789473684205
1 0.5486842105263158 0.47565789473684206 0.1125 0.09078947368421048
0 0.5807565789473685 0.5723684210526315 0.13519736842105273 0.09473684210526313
0 0.646875 0.18092105263157898 0.1233552631578948 0.10394736842105264
0 0.7736842105263159 0.3980263157894737 0.1085526315789474 0.14078947368421055
0 0.16085526315789472 0.45526315789473687 0.09671052631578948 0.1473684210526315
1 0.29851973684210525 0.5539473684210526 0.10756578947368421 0.13421052631578953
0 0.1475328947368421 0.6157894736842106 0.11743421052631577 0.13157894736842102
0 0.13075657894736845 0.7802631578947369 0.10361842105263161 0.1210526315789474
0 0.05180921052631579 0.8625 0.08190789473684211 0.16710526315789478
0 0.35131578947368425 0.8269736842105263 0.09868421052631579 0.10657894736842109
0 0.13026315789473686 0.1835526315789474 0.05723684210526317 0.09342105263157893
0 0.9697368421052631 0.2625 0.0605263157894737 0.14605263157894735
0 0.8032894736842106 0.825 0.10263157894736849 0.1421052631578948
