1 0.5260297482837529 0.2723112128146453 0.21109839816933643 0.1967963386727689
1 0.476258581235698 0.09725400457665906 0.1664759725400458 0.12585812356979406
0 0.24971395881006864 0.32494279176201374 0.17334096109839817 0.16018306636155608
1 0.36127002288329524 0.6041189931350115 0.22826086956521746 0.23340961098398175
0 0.6238558352402747 0.5675057208237986 0.15617848970251713 0.22883295194508008
1 0.7628718535469108 0.7837528604118993 0.1184210526315789 0.2219679633867277
0 0.8358123569794051 0.31350114416475977 0.1201372997711671 0.19221967963386732
0 0.8795766590389016 0.14416475972540047 0.238558352402746 0.26086956521739135
0 0.2282608695652174 0.8707093821510299 0.1819221967963387 0.1990846681922197
0 0.18964530892448514 0.05263157894736842 0.21796338672768883 0.10526315789473684
