1 0.5750932835820894 0.1623134328358209 0.1707089552238805 0.19029850746268653
1 0.7807835820895522 0.06902985074626866 0.17070895522388058 0.13805970149253732
3 0.7604944029850746 0.4645522388059702 0.2476679104477612 0.3059701492537314
1 0.7129197761194029 0.7835820895522388 0.1581156716417911 0.1791044776119402
0 0.42397388059701485 0.8190298507462687 0.11753731343283583 0.13805970149253738
1 0.4232742537313433 0.5130597014925372 0.14412313432835824 0.23134328358208955
2 0.3680037313432835 0.251865671641791 0.1707089552238806 0.24253731343283577
0 0.19379664179104472 0.05690298507462686 0.12173507462686568 0.11380597014925373
0 0.2231809701492537 0.37126865671641796 0.09654850746268658 0.14179104477611942
3 0.20289179104477612 0.7154850746268657 0.20149253731343286 0.2593283582089553
0 0.8500466417910448 0.9132462686567163 0.09654850746268663 0.12873134328358204
