1 0.18601973684210532 0.5177631578947368 0.1470394736842106 0.2302631578947368
1 0.09868421052631579 0.2914473684210526 0.09473684210526315 0.11973684210526311
0 0.30246710526315795 0.3480263157894737 0.09769736842105264 0.1144736842105263
0 0.7342105263157896 0.6092105263157894 0.05921052631578945 0.15
0 0.8205592105263159 0.6164473684210526 0.0661184210526315 0.1434210526315789
1 0.9162828947368422 0.9506578947368421 0.1233552631578948 0.09868421052631575
0 0.6355263157894737 0.9315789473684211 0.08881578947368432 0.1157894736842104
0 0.41101973684210535 0.800657894736842 0.12927631578947377 0.0881578947368422
0 0.16381578947368425 0.8046052631578948 0.10657894736842106 0.12763157894736848
1 0.9236842105263159 0.23618421052631583 0.1085526315789474 0.16973684210526319
0 0.5891447368421053 0.07171052631578947 0.1006578947368422 0.09868421052631579
2 0.6527960526315789 0.2743421052631579 0.14111842105263164 0.24605263157894736
0 0.5674342105263159 0.6078947368421052 0.08289473684210527 0.15263157894736842
0 0.8175986842105264 0.07171052631578947 0.060197368421052604 0.1118421052631579
