3 0.07253289473684212 0.3743421052631579 0.14506578947368423 0.32236842105263164
1 0.29407894736842105 0.3625 0.11842105263157897 0.14605263157894735
0 0.29210526315789476 0.7381578947368422 0.09868421052631582 0.12368421052631576
1 0.5506578947368421 0.7953947368421052 0.12039473684210521 0.15657894736842123
1 0.5393092105263159 0.41842105263157897 0.10559210526315795 0.18421052631578946
1 0.7800986842105263 0.4421052631578948 0.11151315789473686 0.13157894736842102
0 0.8131578947368422 0.8138157894736842 0.0690789473684211 0.14342105263157903
1 0.6493421052631579 0.07302631578947368 0.13815789473684212 0.09078947368421053
1 0.3542763157894737 0.046052631578947366 0.18947368421052638 0.09210526315789473
0 0.9680921052631581 0.44736842105263164 0.05921052631578945 0.13157894736842102
0 0.9657894736842106 0.8486842105263157 0.06842105263157876 0.16842105263157892
