0 0.17070895522388058 0.27238805970149255 0.1623134328358209 0.14552238805970155
0 0.5282182835820894 0.3796641791044776 0.15251865671641787 0.14738805970149255
0 0.4701492537313432 0.5774253731343284 0.22667910447761194 0.12873134328358218
0 0.7451026119402983 0.22201492537313428 0.15251865671641837 0.13805970149253724
0 0.08115671641791042 0.05783582089552239 0.083955223880597 0.08955223880597014
1 0.7807835820895521 0.5643656716417911 0.1986940298507463 0.17350746268656722
1 0.11823694029850743 0.8292910447761195 0.13013059701492533 0.14738805970149257
1 0.1742070895522388 0.6623134328358209 0.17210820895522386 0.1455223880597015
0 0.28055037313432835 0.9617537313432836 0.20848880597014927 0.07649253731343293
1 0.4155783582089551 0.05130597014925373 0.21268656716417905 0.10261194029850745
