1 0.41361556064073235 0.2185354691075515 0.11327231121281466 0.1670480549199085
2 0.15102974828375287 0.2826086956521739 0.17848970251716248 0.23112128146453087
1 0.06264302059496572 0.5846681922196793 0.101258581235698 0.10755148741418763
1 0.3492562929061785 0.08123569794050343 0.11155606407322657 0.12128146453089243
2 0.6332951945080092 0.38558352402745993 0.1647597254004576 0.2036613272311213
0 0.798913043478261 0.07437070938215103 0.10469107551487411 0.11212814645308924
1 0.8847254004576661 0.37757437070938216 0.1390160183066361 0.183066361556064
0 0.15102974828375287 0.7974828375286042 0.09954233409610985 0.11212814645308924
0 0.3724256292906176 0.8009153318077804 0.06521739130434782 0.18764302059496546
0 0.6607551487414187 0.7276887871853546 0.10640732265446232 0.21967963386727682
1 0.8495423340961099 0.8375286041189932 0.1201372997711671 0.24713958810068648
1 0.426487414187643 0.6418764302059498 0.15617848970251713 0.15789473684210534
1 0.5466247139588102 0.8832951945080092 0.10469107551487418 0.1876430205949657
