0 0.2600328947368421 0.4809210526315789 0.09769736842105264 0.11973684210526316
1 0.10164473684210527 0.33421052631578946 0.10263157894736845 0.10526315789473684
1 0.4791118421052632 0.325 0.09967105263157905 0.1394736842105263
0 0.5876644736842106 0.22368421052631582 0.09177631578947378 0.12368421052631583
1 0.7717105263157896 0.4940789473684211 0.13026315789473686 0.14078947368421063
1 0.5412828947368422 0.5769736842105263 0.10361842105263158 0.15921052631578952
2 0.2886513157894737 0.8743421052631579 0.13322368421052633 0.14342105263157903
0 0.0799342105263158 0.7230263157894737 0.08289473684210527 0.10657894736842109
0 0.9108552631578948 0.7269736842105263 0.05921052631578945 0.06184210526315795
0 0.9764802631578948 0.8388157894736841 0.046381578947368496 0.08552631578947356
1 0.8738486842105263 0.8572368421052632 0.06809210526315795 0.1223684210526315
1 0.9335526315789474 0.14407894736842106 0.08289473684210534 0.125
0 0.028125 0.513157894736842 0.05625 0.11052631578947363
0 0.8921052631578948 0.3401315789473685 0.06907894736842124 0.12763157894736846
0 0.8368421052631579 0.35328947368421054 0.0434210526315789 0.09868421052631579
