2 0.6584728033472803 0.6785216178521618 0.1621338912133892 0.1994421199442121
0 0.7369246861924685 0.8249651324965133 0.155857740585774 0.14644351464435146
0 0.32322175732217573 0.6276150627615062 0.10041841004184107 0.09483960948396096
0 0.21861924686192466 0.700836820083682 0.10251046025104603 0.09623430962343094
0 0.5015690376569037 0.4811715481171548 0.10146443514644353 0.1422594142259414
1 0.674163179916318 0.3382147838214784 0.15167364016736407 0.1520223152022315
1 0.9126569037656904 0.4330543933054393 0.13912133891213385 0.1771269177126918
2 0.06171548117154812 0.4672245467224546 0.10669456066945607 0.18967921896792192
0 0.2630753138075314 0.33333333333333337 0.12656903765690378 0.15341701534170155
1 0.4539748953974896 0.1262203626220363 0.12552301255230128 0.15481171548117156
1 0.604602510460251 0.15411436541143655 0.112970711297071 0.15481171548117154
0 0.09832635983263596 0.12831241283124128 0.14435146443514643 0.14783821478382145
