2 0.46529605263157897 0.581578947368421 0.10756578947368425 0.12368421052631576
0 0.5728618421052633 0.6697368421052632 0.15098684210526314 0.09473684210526308
1 0.6172697368421054 0.42434210526315785 0.1253289473684211 0.15131578947368424
0 0.6606907894736842 0.31973684210526315 0.12138157894736842 0.1
0 0.5082236842105263 0.09276315789473685 0.1085526315789474 0.1013157894736842
0 0.4643092105263158 0.8493421052631578 0.11743421052631575 0.12763157894736835
0 0.6419407894736843 0.9453947368421052 0.0996710526315789 0.10131578947368425
0 0.8264802631578948 0.8493421052631579 0.1016447368421052 0.10657894736842109
1 0.8847039473684211 0.9407894736842104 0.0858552631578948 0.11842105263157904
0 0.7899671052631579 0.6243421052631579 0.0996710526315789 0.10394736842105275
0 0.8491776315789474 0.5315789473684212 0.10361842105263165 0.09736842105263158
1 0.7519736842105265 0.12631578947368421 0.1046052631578948 0.15526315789473685
1 0.2659539473684211 0.10986842105263159 0.11546052631578949 0.1618421052631579
1 0.34144736842105267 0.28552631578947363 0.1046052631578948 0.19999999999999996
0 0.09720394736842106 0.24934210526315786 0.10164473684210527 0.07236842105263161
0 0.24819078947368425 0.4605263157894736 0.10756578947368425 0.0789473684210526
0 0.12828947368421054 0.6026315789473684 0.06907894736842105 0.0578947368421052
0 0.1953947368421053 0.6171052631578946 0.06118421052631582 0.08421052631578953
0 0.18601973684210527 0.5381578947368422 0.09375000000000004 0.06578947368421055
