2 0.49113805970149244 0.8610074626865672 0.3218283582089551 0.20335820895522375
1 0.7255130597014925 0.08582089552238806 0.16651119402985073 0.13805970149253732
1 0.880597014925373 0.28638059701492535 0.23880597014925387 0.15858208955223885
1 0.6149720149253731 0.355410447761194 0.24207089552238797 0.27798507462686567
1 0.15811567164179102 0.1763059701492537 0.14832089552238803 0.20335820895522386
2 0.3288246268656716 0.4542910447761194 0.21548507462686559 0.251865671641791
3 0.10424440298507463 0.8208955223880596 0.18330223880597013 0.3582089552238806
1 0.5212220149253731 0.605410447761194 0.23087686567164184 0.13992537313432835
0 0.7493003731343282 0.7210820895522388 0.17490671641791025 0.08768656716417908
1 0.8304570895522387 0.605410447761194 0.2392723880597015 0.13619402985074613
