2 0.3423913043478261 0.34324942791762014 0.20766590389016015 0.25629290617848965
0 0.5560640732265447 0.16361556064073227 0.16132723112128147 0.2082379862700229
0 0.6744851258581235 0.3901601830663616 0.15102974828375282 0.22196796338672775
0 0.8246567505720824 0.13157894736842107 0.17677345537757447 0.2219679633867277
1 0.7748855835240275 0.6338672768878719 0.19736842105263164 0.24713958810068654
1 0.5225972540045767 0.6201372997711672 0.169908466819222 0.1830663615560642
0 0.20509153318077802 0.6155606407322654 0.12528604118993136 0.17391304347826086
2 0.6127002288329519 0.8924485125858124 0.31922196796338675 0.2151029748283753
1 0.30549199084668194 0.9313501144164761 0.21967963386727693 0.13729977116704803
1 0.9078947368421052 0.8352402745995423 0.1338672768878719 0.13729977116704803
1 0.9659610983981693 0.3592677345537757 0.06807780320366134 0.2745995423340961
