1 0.6127002288329519 0.26201372997711675 0.2025171624713959 0.24485125858123571
1 0.8744279176201374 0.07551487414187644 0.14244851258581234 0.13729977116704806
1 0.3792906178489702 0.06407322654462243 0.13386727688787187 0.12814645308924486
1 0.33724256292906174 0.5205949656750571 0.17677345537757438 0.1990846681922197
1 0.5903890160183067 0.5938215102974828 0.1441647597254005 0.2082379862700229
0 0.8452517162471396 0.5778032036613272 0.09096109839816932 0.21739130434782608
1 0.9642448512585813 0.5869565217391304 0.07151029748283748 0.19450800915331812
0 0.08838672768878718 0.6784897025171626 0.12871853546910755 0.23112128146453087
1 0.08838672768878719 0.2894736842105263 0.1561784897025172 0.23569794050343254
0 0.6367276887871854 0.8501144164759725 0.12356979405034316 0.21739130434782608
