1 0.8787185354691076 0.5583524027459954 0.12356979405034324 0.2242562929061785
0 0.6719107551487414 0.3066361556064073 0.1184210526315789 0.19679633867276888
1 0.5706521739130435 0.08466819221967964 0.09439359267734546 0.16933638443935928
0 0.13215102974828377 0.23569794050343248 0.10983981693363845 0.20137299771167047
0 0.07122425629290619 0.6887871853546911 0.09096109839816935 0.1464530892448513
0 0.24370709382151032 0.8558352402745996 0.13043478260869562 0.07322654462242553
1 0.1956521739130435 0.5308924485125859 0.14416475972540047 0.18764302059496565
1 0.5028604118993135 0.5137299771167048 0.16819221967963385 0.20823798627002282
1 0.562929061784897 0.8443935926773455 0.22997711670480547 0.13272311212814641
0 0.36470251716247143 0.6967963386727689 0.1733409610983982 0.10755148741418764
1 0.7783180778032037 0.8100686498855835 0.1184210526315789 0.25629290617848965
0 0.7139588100686499 0.5869565217391305 0.08924485125858127 0.16247139588100679
0 0.8109267734553777 0.15331807780320367 0.09439359267734546 0.1967963386727689
0 0.9156178489702518 0.30778032036613273 0.06350114416475976 0.2036613272311213
0 0.4084668192219679 0.2768878718535469 0.17162471395881007 0.19679633867276888
1 0.2660183066361556 0.13043478260869568 0.09610983981693366 0.2151029748283753
1 0.9676773455377574 0.8958810068649885 0.06464530892448508 0.2082379862700229
