1 0.7353078358208955 0.2164179104477612 0.12173507462686572 0.18283582089552236
0 0.9423973880597015 0.6949626865671642 0.0965485074626865 0.23694029850746268
0 0.13362873134328357 0.8236940298507462 0.07416044776119401 0.15111940298507462
0 0.9312033582089551 0.08022388059701491 0.06016791044776113 0.11567164179104478
0 0.974347014925373 0.32649253731343286 0.05130597014925385 0.1865671641791045
0 0.06016791044776118 0.041977611940298504 0.0671641791044776 0.08395522388059701
1 0.28474813432835816 0.9141791044776119 0.10774253731343279 0.17164179104477612
2 0.2952425373134328 0.519589552238806 0.1427238805970149 0.3376865671641791
0 0.251865671641791 0.26026119402985076 0.11194029850746269 0.15111940298507462
0 0.5366138059701493 0.8003731343283582 0.08535447761194029 0.14925373134328354
0 0.7234141791044777 0.5186567164179103 0.10074626865671647 0.16417910447761186
1 0.6534514925373134 0.8815298507462686 0.08955223880597024 0.15485074626865683
2 0.48204291044776115 0.3395522388059702 0.21408582089552242 0.30597014925373134
0 0.505830223880597 0.13526119402985076 0.07416044776119407 0.06529850746268658
