1 0.26172768878718533 0.4164759725400458 0.10812356979405034 0.24256292906178495
0 0.1733409610983982 0.2219679633867277 0.14416475972540044 0.16933638443935928
1 0.5020022883295195 0.16475972540045766 0.13901601830663615 0.2059496567505721
0 0.6513157894736843 0.2757437070938215 0.10469107551487411 0.10297482837528606
1 0.7362700228832952 0.5160183066361556 0.20938215102974822 0.26773455377574373
0 0.9548054919908466 0.3649885583524028 0.0903890160183066 0.14874141876430205
0 0.717391304347826 0.826086956521739 0.11670480549199085 0.17848970251716267
0 0.5157322654462243 0.7482837528604119 0.14931350114416467 0.1647597254004576
1 0.30120137299771166 0.8180778032036613 0.18020594965675055 0.2036613272311213
1 0.06607551487414189 0.7654462242562928 0.11498855835240276 0.17620137299771158
0 0.08323798627002288 0.5583524027459954 0.11155606407322655 0.11899313501144164
1 0.06435926773455378 0.03546910755148741 0.12871853546910755 0.07093821510297482
0 0.4659610983981694 0.505720823798627 0.12185354691075519 0.12814645308924483
