1 0.6247667910447761 0.24906716417910452 0.19729477611940305 0.2033582089552239
1 0.8325559701492539 0.05597014925373133 0.12593283582089554 0.11194029850746269
2 0.8311567164179103 0.601679104477612 0.17350746268656722 0.2593283582089553
0 0.96875 0.3638059701492537 0.06250000000000014 0.1343283582089552
2 0.38619402985074625 0.5242537313432836 0.2378731343283582 0.20895522388059695
0 0.18889925373134325 0.2947761194029851 0.1763059701492537 0.13059701492537312
1 0.3190298507462686 0.13059701492537312 0.19869402985074625 0.1753731343283582
0 0.6989272388059702 0.8880597014925374 0.1777052238805971 0.14179104477611942
0 0.45265858208955206 0.8908582089552239 0.12453358208955216 0.12126865671641797
0 0.13013059701492533 0.8740671641791046 0.17910447761194026 0.16977611940298515
1 0.05387126865671641 0.5626865643173901 0.10774253731343282 0.19179105046969752
