0 0.6320723684210526 0.18486842105263157 0.10559210526315795 0.10131578947368423
0 0.6375 0.44671052631578945 0.0769736842105263 0.08552631578947377
0 0.7973684210526316 0.5592105263157895 0.0769736842105263 0.10526315789473685
0 0.8314144736842105 0.780263157894737 0.0503289473684211 0.10263157894736835
1 0.628125 0.7361842105263158 0.07796052631578945 0.10394736842105261
0 0.32812500000000006 0.5973684210526315 0.08190789473684208 0.10526315789473685
0 0.10707236842105265 0.3039473684210527 0.0878289473684211 0.11842105263157897
0 0.1223684210526316 0.48026315789473684 0.04342105263157894 0.1289473684210526
0 0.2398026315789474 0.6697368421052632 0.08289473684210524 0.1210526315789474
1 0.4327302631578948 0.6138157894736842 0.08388157894736842 0.12500000000000008
0 0.2314144736842105 0.16381578947368422 0.09375000000000001 0.09078947368421054
0 0.3014802631578948 0.9394736842105263 0.06019736842105267 0.08421052631578946
0 0.14210526315789473 0.8388157894736841 0.0651315789473684 0.10131578947368425
0 0.06365131578947368 0.6032894736842105 0.06414473684210525 0.10921052631578945
0 0.7495065789473685 0.763157894736842 0.028618421052631647 0.0815789473684211
0 0.3503289473684211 0.3671052631578947 0.05723684210526315 0.10263157894736846
0 0.17960526315789477 0.31381578947368416 0.049342105263157895 0.08552631578947366
1 0.8447368421052633 0.2986842105263158 0.08092105263157891 0.10526315789473681
0 0.9217105263157896 0.7717105263157893 0.05723684210526315 0.11184210526315795
