2 0.7062356979405034 0.45080091533180777 0.2694508009153318 0.2837528604118993
1 0.7457093821510299 0.16361556064073227 0.24199084668192236 0.24027459954233407
1 0.4513729977116705 0.18764302059496568 0.2025171624713959 0.2745995423340961
1 0.27459954233409606 0.43478260869565216 0.23684210526315785 0.16933638443935928
1 0.49513729977116705 0.7013729977116705 0.19050343249427912 0.18077803203661325
0 0.8521167048054921 0.834096109839817 0.20766590389016032 0.12585812356979403
0 0.731979405034325 0.9633867276887872 0.21109839816933637 0.07322654462242567
1 0.2831807780320366 0.9393592677345538 0.24370709382151035 0.12128146453089243
0 0.0918192219679634 0.8066361556064072 0.1836384439359268 0.2082379862700229
0 0.1209954233409611 0.2151029748283753 0.19050343249427917 0.14187643020594964
1 0.23512585812356981 0.5995423340961099 0.18878718535469105 0.21967963386727704
