0 0.1836384439359268 0.4965675057208238 0.14073226544622428 0.15560640732265454
0 0.08924485125858124 0.6807780320366131 0.14759725400457666 0.16704805491990854
0 0.3295194508009153 0.874141876430206 0.20594965675057206 0.15560640732265454
2 0.5663615560640732 0.7688787185354691 0.2231121281464531 0.26086956521739124
1 0.8572654462242564 0.6567505720823799 0.14244851258581234 0.2151029748283753
0 0.5663615560640732 0.4290617848970252 0.24027459954233407 0.15789473684210534
0 0.7053775743707095 0.26887871853546913 0.12356979405034331 0.1258581235697941
0 0.8581235697940506 0.18878718535469108 0.08924485125858111 0.08466819221967961
0 0.5534897025171626 0.07665903890160182 0.14588100686498862 0.08009153318077802
0 0.3852974828375287 0.13501144164759726 0.09782608695652178 0.16933638443935928
0 0.27202517162471396 0.1967963386727689 0.05320366132723112 0.2059496567505721
0 0.8864416475972541 0.902745995423341 0.12185354691075517 0.19450800915331812
