1 0.3804276315789474 0.1730263157894737 0.22006578947368421 0.15657894736842104
0 0.5195723684210527 0.3 0.0957236842105263 0.07368421052631578
0 0.7391447368421052 0.5375 0.09276315789473685 0.12236842105263164
1 0.24325657894736843 0.5164473684210527 0.12335526315789476 0.10657894736842109
1 0.14161184210526315 0.34868421052631576 0.10953947368421053 0.09210526315789473
0 0.15937500000000004 0.8375 0.09177631578947372 0.14078947368421055
1 0.6981907894736843 0.049342105263157895 0.1411184210526316 0.07763157894736843
1 0.6858552631578948 0.3348684210526316 0.13026315789473691 0.09868421052631575
1 0.7223684210526317 0.8131578947368421 0.10263157894736849 0.1131578947368422
0 0.8935855263157896 0.3289473684210526 0.07401315789473685 0.06315789473684212
0 0.9636513157894737 0.6940789473684211 0.07006578947368425 0.10921052631578959
1 0.4292763157894737 0.9078947368421052 0.17171052631578954 0.12631578947368424
0 0.43717105263157907 0.6105263157894736 0.10065789473684213 0.10526315789473685
