0 0.3952891791044776 0.7733208955223881 0.09654850746268658 0.12873134328358204
0 0.7409048507462686 0.8367537313432836 0.099347014925373 0.125
0 0.04757462686567163 0.4505597014925373 0.0755597014925373 0.11380597014925371
0 0.17980410447761194 0.5251865671641791 0.07975746268656718 0.11007462686567158
0 0.46035447761194026 0.5223880597014926 0.12593283582089554 0.14179104477611937
0 0.18819962686567163 0.23134328358208955 0.0853544776119403 0.10447761194029852
0 0.06156716417910447 0.208955223880597 0.09514925373134327 0.10820895522388058
0 0.7423041044776119 0.43003731343283585 0.14132462686567152 0.19589552238805968
1 0.587686567164179 0.798507462686567 0.14272388059701485 0.17537313432835816
1 0.5771921641791045 0.0876865671641791 0.11893656716417908 0.14925373134328357
1 0.3715018656716418 0.021455223880597014 0.10774253731343279 0.04291044776119403
2 0.7891791044776117 0.21082089552238806 0.11753731343283574 0.15298507462686567
2 0.96875 0.7192164179104478 0.06250000000000014 0.18843283582089554
