1 0.597254004576659 0.3306636155606407 0.27116704805491987 0.14874141876430205
2 0.35955377574370717 0.6235697940503432 0.30720823798627 0.21281464530892444
0 0.7560068649885585 0.6247139588100686 0.18707093821510298 0.160183066361556
1 0.766304347826087 0.8192219679633866 0.16304347826086968 0.18306636155606412
3 0.48140732265446234 0.9267734553775745 0.29347826086956524 0.1464530892448512
1 0.25143020594965676 0.2803203661327231 0.22139588100686494 0.2128146453089245
0 0.2943363844393593 0.13729977116704806 0.11155606407322657 0.11899313501144164
0 0.7534324942791762 0.07780320366132722 0.17162471395881 0.15560640732265443
0 0.07122425629290617 0.8729977116704805 0.14244851258581234 0.2082379862700229
0 0.9496567505720824 0.5160183066361556 0.10068649885583511 0.26315789473684215
