1 0.6049342105263159 0.5085526315789474 0.08092105263157898 0.1171052631578948
1 0.5101973684210526 0.3506578947368421 0.10657894736842095 0.10657894736842109
0 0.40953947368421056 0.35789473684210527 0.08092105263157891 0.11842105263157894
0 0.11299342105263159 0.16578947368421054 0.06611842105263158 0.08421052631578949
0 0.1929276315789474 0.14473684210526316 0.06217105263157894 0.08947368421052633
0 0.2634868421052632 0.09013157894736842 0.06513157894736843 0.0960526315789474
0 0.2649671052631579 0.6381578947368421 0.056250000000000036 0.08684210526315794
1 0.1223684210526316 0.7578947368421052 0.07894736842105264 0.09210526315789465
0 0.42236842105263167 0.6888157894736842 0.0690789473684211 0.0855263157894737
0 0.5481907894736843 0.8565789473684211 0.038486842105263076 0.10526315789473685
0 0.6330592105263158 0.8197368421052631 0.062171052631578974 0.0789473684210526
1 0.759375 0.6736842105263158 0.0720394736842104 0.14210526315789473
0 0.8047697368421054 0.41118421052631576 0.0641447368421052 0.1328947368421053
1 0.9044407894736842 0.05921052631578947 0.149013157894737 0.11842105263157894
0 0.9152960526315791 0.4598684210526316 0.046381578947368496 0.08815789473684205
0 0.8842105263157896 0.9348684210526315 0.0868421052631578 0.09868421052631575
1 0.33848684210526314 0.6506578947368422 0.06513157894736843 0.11184210526315795
