2 0.6796338672768879 0.5983981693363845 0.19221967963386724 0.2860411899313502
1 0.9087528604118994 0.5389016018306636 0.1802059496567506 0.2768878718535469
1 0.9207665903890161 0.2105263157894737 0.1321510297482837 0.2334096109839817
1 0.7019450800915332 0.22768878718535468 0.1270022883295195 0.24942791762013727
1 0.6169908466819222 0.9267734553775745 0.2179633867276887 0.1464530892448512
1 0.4848398169336384 0.5846681922196796 0.14244851258581234 0.22654462242562928
0 0.4393592677345538 0.8375286041189932 0.09610983981693366 0.15102974828375282
0 0.14244851258581237 0.7494279176201373 0.12700228832951946 0.17620137299771158
1 0.2008009153318078 0.4450800915331808 0.11670480549199086 0.2036613272311213
1 0.4033180778032037 0.2128146453089245 0.10640732265446225 0.19679633867276883
0 0.29347826086956524 0.32265446224256294 0.09954233409610982 0.19221967963386724
1 0.08066361556064074 0.20022883295194507 0.12013729977116708 0.23569794050343248
