1 0.5450093283582089 0.36100746268656714 0.18330223880597019 0.20335820895522386
1 0.8143656716417909 0.32276119402985076 0.20429104477611942 0.31343283582089554
1 0.9589552238805971 0.6996268656716418 0.08208955223880608 0.3246268656716417
1 0.18680037313432835 0.5578358208955224 0.19449626865671643 0.21268656716417916
0 0.04897388059701493 0.27537313148156917 0.09794776119402984 0.1582089609174586
1 0.09305037313432837 0.08675373134328358 0.18610074626865675 0.17350746268656717
1 0.4127798507462686 0.14832089552238809 0.15391791044776112 0.18470149253731347
0 0.05946828358208956 0.8852611940298507 0.1189365671641791 0.169776119402985
1 0.3267257462686567 0.8703358208955223 0.18889925373134323 0.25932835820895533
2 0.542910447761194 0.7611940298507461 0.1958955223880597 0.3843283582089553
0 0.40368470149253727 0.49440298507462693 0.13013059701492538 0.1940298507462687
3 0.7723880597014925 0.8022388059701493 0.2294776119402985 0.3955223880597016
