1 0.4575559701492537 0.291044776119403 0.1203358208955224 0.17910447761194032
0 0.613339552238806 0.3805970149253731 0.06529850746268664 0.1940298507462687
0 0.7080223880597015 0.3992537313432835 0.0671641791044776 0.2201492537313433
1 0.9032182835820893 0.6203358208955224 0.11054104477611958 0.25559701492537323
1 0.9617537313432836 0.14738805970149255 0.07649253731343293 0.2201492537313433
1 0.6884328358208955 0.792910447761194 0.1427238805970149 0.2201492537313433
2 0.34491604477611937 0.667910447761194 0.2196828358208955 0.2537313432835822
0 0.535214552238806 0.8871268656716418 0.07975746268656714 0.22574626865671646
1 0.11263992537313433 0.5037313432835822 0.1273320895522388 0.16791044776119407
1 0.18190298507462682 0.22667910447761194 0.2182835820895522 0.19962686567164184
