1 0.5151315789473685 0.5401315789473685 0.09868421052631582 0.09868421052631575
2 0.3779605263157895 0.1986842105263158 0.14407894736842108 0.15
2 0.10460526315789476 0.19473684210526315 0.09078947368421054 0.13157894736842102
0 0.0375 0.6092105263157894 0.05131578947368421 0.08684210526315801
1 0.9434210526315789 0.10592105263157894 0.07500000000000014 0.12763157894736843
1 0.6291118421052633 0.36184210526315785 0.05625000000000007 0.131578947368421
1 0.6695723684210526 0.27368421052631575 0.07598684210526314 0.12105263157894736
0 0.9256578947368422 0.8348684210526315 0.0710526315789474 0.09868421052631575
1 0.8590460526315788 0.4776315789473685 0.06611842105263165 0.11578947368421062
1 0.9029605263157896 0.6 0.0769736842105263 0.09999999999999992
1 0.6898026315789474 0.6960526315789474 0.0769736842105263 0.12631578947368424
0 0.33009868421052635 0.5921052631578947 0.06611842105263153 0.07368421052631582
2 0.28963815789473685 0.4309210526315789 0.11348684210526311 0.1723684210526316
2 0.287171052631579 0.9138157894736842 0.08289473684210531 0.1355263157894737
