1 0.35268878718535474 0.45423340961098396 0.23512585812356981 0.22654462242562928
1 0.7397025171624715 0.2951945080091533 0.24027459954233416 0.21510297482837526
0 0.7156750572082382 0.5606407322654462 0.10983981693363845 0.1876430205949657
1 0.9230549199084669 0.6155606407322655 0.15389016018306634 0.2700228832951945
0 0.25915331807780323 0.874141876430206 0.15102974828375287 0.1967963386727689
0 0.12700228832951946 0.8844393592677346 0.08237986270022883 0.1990846681922197
0 0.030892448512585817 0.8958810068649885 0.061784897025171634 0.2082379862700229
0 0.4865560640732266 0.7940503432494279 0.09096109839816932 0.2242562929061785
0 0.5826659038901603 0.8787185354691076 0.10812356979405031 0.19221967963386732
1 0.38272311212814647 0.11327231121281464 0.2196796338672769 0.11212814645308924
1 0.1398741418764302 0.2768878718535469 0.18707093821510298 0.2059496567505721
