2 0.4211753731343281 0.3843283582089551 0.24906716417910466 0.3097014925373133
0 0.13502798507462685 0.23787313432835824 0.1161380597014925 0.1623134328358209
0 0.1259328358208955 0.6175373134328358 0.10074626865671639 0.17537313432835816
0 0.7024253731343282 0.30410447761194037 0.14272388059701485 0.11940298507462695
1 0.7430037313432836 0.5559701492537313 0.27705223880597013 0.27985074626865675
0 0.7136194029850745 0.917910447761194 0.14552238805970133 0.16417910447761203
0 0.36240671641791056 0.8805970149253729 0.08115671641791065 0.2388059701492533
0 0.1322294776119403 0.8544776119402985 0.07975746268656714 0.1156716417910448
0 0.45685634328358204 0.9626865671641791 0.19729477611940296 0.07462686567164184
0 0.921875 0.8777985074626866 0.15625000000000014 0.11380597014925357
