1 0.1574160447761194 0.8059701492537314 0.09654850746268659 0.2089552238805969
0 0.3134328358208955 0.8339552238805971 0.12313432835820891 0.1791044776119402
0 0.4519589552238806 0.6455223880597015 0.17070895522388063 0.14179104477611937
2 0.7597947761194029 0.8423507462686567 0.2658582089552239 0.3152985074626866
0 0.6548507462686567 0.4440298507462687 0.1847014925373135 0.2238805970149253
1 0.8570429104477612 0.4972014925373134 0.16930970149253724 0.27798507462686567
0 0.7122201492537313 0.23880597014925375 0.21548507462686564 0.1492537313432836
2 0.26725746268656714 0.5046641791044776 0.1371268656716418 0.24440298507462693
1 0.33861940298507465 0.27798507462686567 0.15111940298507467 0.17910447761194032
0 0.1441231343283582 0.08955223880597014 0.08955223880597013 0.11940298507462685
2 0.05317164179104477 0.21380596730246473 0.10634328358208954 0.19179105046969738
1 0.9074160447761193 0.15111940298507462 0.10214552238805964 0.19776119402985073
