1 0.07845394736842105 0.4348684210526315 0.08585526315789474 0.11447368421052637
1 0.2210526315789474 0.9447368421052631 0.07894736842105264 0.09473684210526313
0 0.9152960526315792 0.5197368421052632 0.062171052631579043 0.0894736842105263
0 0.7845394736842107 0.10460526315789473 0.08289473684210534 0.09605263157894736
0 0.26891447368421056 0.47236842105263166 0.08782894736842106 0.10789473684210521
1 0.2728618421052632 0.6322368421052631 0.10164473684210527 0.14605263157894732
1 0.3597039473684211 0.21184210526315791 0.11151315789473686 0.13157894736842107
1 0.8580592105263158 0.7388157894736842 0.10953947368421055 0.0960526315789474
0 0.5205592105263158 0.7894736842105263 0.08388157894736835 0.0868421052631578
1 0.6009868421052632 0.55 0.13223684210526315 0.18157894736842106
1 0.9182565789473685 0.3835526315789474 0.11743421052631589 0.09342105263157897
0 0.5052631578947369 0.9625 0.1539473684210526 0.075
1 0.825 0.8618421052631579 0.08881578947368425 0.10263157894736835
0 0.3705592105263159 0.518421052631579 0.07598684210526323 0.11578947368421053
