1 0.11155606407322655 0.2883295194508009 0.2231121281464531 0.21967963386727682
2 0.5217391304347827 0.4839816933638444 0.1990846681922197 0.25858123569794045
2 0.7568649885583525 0.5766590389016018 0.1338672768878719 0.24256292906178487
1 0.4282036613272311 0.7871853546910755 0.21796338672768875 0.16933638443935933
0 0.6547482837528605 0.82837528604119 0.20766590389016015 0.1464530892448512
2 0.8229405034324944 0.16247139588100687 0.17677345537757447 0.1556064073226545
1 0.1853546910755149 0.7288329519450801 0.2059496567505721 0.18993135011441659
0 0.17591533180778032 0.5491990846681922 0.1802059496567506 0.10526315789473678
0 0.5328947368421053 0.2105263157894737 0.238558352402746 0.2379862700228833
0 0.2025171624713959 0.08581235697940504 0.16132723112128147 0.13043478260869568
