0 0.13572761194029848 0.08208955223880597 0.167910447761194 0.16417910447761194
0 0.06996268656716417 0.6977611940298507 0.11753731343283581 0.26119402985074636
0 0.2875466417910448 0.3582089552238806 0.13292910447761194 0.1604477611940299
0 0.25746268656716415 0.8805970149253731 0.12873134328358207 0.17910447761194034
0 0.6772388059701491 0.08488805970149255 0.1343283582089551 0.15485074626865672
0 0.8591417910447761 0.16231343283582092 0.13712686567164184 0.16417910447761194
0 0.4841417910447761 0.18376865671641787 0.1455223880597014 0.22947761194029848
0 0.5247201492537313 0.4953358208955224 0.13712686567164184 0.18470149253731344
0 0.49253731343283574 0.8050373134328358 0.17630597014925378 0.2406716417910448
0 0.769589552238806 0.9319029850746269 0.15111940298507462 0.1361940298507463
0 0.8458488805970148 0.47201492537313433 0.1441231343283583 0.24253731343283577
