1 0.7517162471395881 0.31464530892448506 0.24370709382151026 0.20823798627002288
1 0.20852402745995427 0.5183066361556063 0.17677345537757438 0.14874141876430202
0 0.4179061784897026 0.5366132723112128 0.1733409610983982 0.20366132723112124
0 0.7268306636155607 0.6109839816933639 0.14244851258581234 0.13729977116704803
1 0.5371853546910756 0.7322654462242564 0.10983981693363852 0.1830663615560642
2 0.8109267734553777 0.8077803203661327 0.1733409610983982 0.22425629290617863
0 0.9379290617848972 0.6418764302059498 0.11842105263157904 0.16704805491990854
1 0.10125858123569795 0.8901601830663615 0.1441647597254005 0.1784897025171624
1 0.06006864988558354 0.28260869565217395 0.12013729977116705 0.15789473684210528
1 0.4693935926773456 0.29977116704805495 0.1836384439359268 0.14645308924485131
2 0.9470823798627004 0.13615560640732266 0.10583524027459944 0.2128146453089245
0 0.07379862700228833 0.030892448512585814 0.14759725400457666 0.06178489702517163
0 0.047196796338672777 0.5892448512585813 0.09439359267734555 0.1670480549199084
