1 0.0799342105263158 0.5230263157894737 0.12039473684210528 0.14868421052631575
0 0.25213815789473687 0.8065789473684211 0.10164473684210532 0.09473684210526329
1 0.4588815789473685 0.6177631578947369 0.06710526315789472 0.1118421052631578
0 0.3009868421052632 0.42236842105263167 0.09276315789473681 0.13421052631578953
1 0.4667763157894737 0.31644736842105264 0.07894736842105267 0.12236842105263157
0 0.17467105263157898 0.19342105263157894 0.05921052631578947 0.09999999999999998
0 0.22845394736842106 0.2703947368421053 0.07993421052631575 0.09605263157894736
0 0.2713815789473685 0.09276315789473683 0.08092105263157898 0.09342105263157893
0 0.47121710526315796 0.15526315789473683 0.05032894736842103 0.08421052631578946
0 0.7041118421052633 0.19013157894736843 0.06414473684210535 0.09868421052631579
0 0.7105263157894737 0.31184210526315786 0.04736842105263164 0.08684210526315791
1 0.7554276315789474 0.4184210526315789 0.09177631578947355 0.12105263157894741
1 0.5126644736842105 0.8493421052631579 0.11743421052631582 0.1434210526315789
0 0.6907894736842105 0.6559210526315788 0.0651315789473685 0.08552631578947363
1 0.7351973684210527 0.9473684210526315 0.09671052631578946 0.10263157894736864
0 0.9394736842105263 0.5717105263157894 0.05526315789473685 0.0855263157894737
