1 0.6084096109839817 0.47025171624713963 0.20766590389016032 0.21739130434782608
1 0.9058924485125859 0.351258581235698 0.18821510297482832 0.2906178489702517
0 0.40245995423340963 0.4794050343249428 0.18363844393592677 0.26315789473684215
0 0.1810640732265446 0.7196796338672768 0.10469107551487417 0.1533180778032036
0 0.29004576659038905 0.7334096109839817 0.04805491990846683 0.13958810068649882
0 0.37585812356979403 0.7437070938215103 0.12013729977116704 0.15560640732265454
1 0.5569221967963387 0.7505720823798626 0.13558352402745996 0.17391304347826078
0 0.23512585812356981 0.23684210526315788 0.1338672768878719 0.15789473684210525
0 0.32780320366132726 0.3009153318077803 0.14416475972540044 0.13501144164759724
1 0.5131578947368421 0.20594965675057206 0.17848970251716254 0.17848970251716245
1 0.08924485125858123 0.48512585812356973 0.13729977116704806 0.16475972540045766
0 0.038615560640732266 0.9427917620137299 0.07723112128146453 0.11441647597254004
