1 0.3672768878718536 0.3340961098398169 0.15102974828375285 0.30663615560640733
1 0.61441647597254 0.18764302059496565 0.1887871853546911 0.21510297482837526
0 0.8744279176201374 0.32151029748283755 0.18020594965675074 0.2540045766590389
1 0.6925057208237986 0.6475972540045767 0.13558352402746002 0.28375286041189923
0 0.425629290617849 0.6601830663615561 0.1441647597254004 0.2082379862700229
0 0.14759725400457668 0.6086956521739131 0.11670480549199086 0.21967963386727696
0 0.2780320366132723 0.9107551487414187 0.12700228832951946 0.1784897025171624
0 0.26859267734553777 0.04576659038901601 0.08409610983981693 0.09153318077803202
0 0.07637299771167047 0.19565217391304343 0.14931350114416475 0.20366132723112124
0 0.9530892448512586 0.5766590389016018 0.09382151029748272 0.16933638443935928
0 0.9565217391304348 0.8901601830663616 0.08695652173913032 0.2196796338672769
