1 0.45545708955223874 0.49626865671641796 0.20848880597014918 0.287313432835821
1 0.40578358208955223 0.08675373134328358 0.310634328358209 0.17350746268656717
0 0.6520522388059702 0.37406716417910446 0.1427238805970149 0.1809701492537313
1 0.8997201492537314 0.45429104477611937 0.142723880597015 0.23320895522388058
0 0.898320895522388 0.13339552238805968 0.10914179104477625 0.16977611940298507
1 0.04897388059701492 0.2483208926755991 0.09794776119402984 0.1936567221114885
1 0.41977611940298504 0.7751865671641791 0.167910447761194 0.19589552238805966
0 0.12663246268656717 0.605410447761194 0.17210820895522388 0.2555970149253731
0 0.09654850746268656 0.8638059701492538 0.06996268656716417 0.09328358208955223
0 0.20289179104477612 0.8628731343283582 0.10914179104477607 0.18843283582089554
3 0.701026119402985 0.7005597014925374 0.24906716417910457 0.38246268656716415
0 0.9116138059701493 0.9701492537313433 0.08255597014925385 0.059701492537313355
