1 0.27355410447761197 0.17070895522388058 0.16091417910447764 0.19962686567164176
1 0.48134328358208955 0.08675373134328357 0.20988805970149257 0.17350746268656714
0 0.8535447761194029 0.35634328358208955 0.15111940298507462 0.22014925373134328
0 0.6513526119402985 0.6576492537313433 0.15811567164179097 0.1809701492537313
0 0.1224347014925373 0.8833955223880596 0.12453358208955223 0.12873134328358204
0 0.19519589552238803 0.951492537313433 0.09934701492537311 0.09701492537313428
0 0.3421175373134328 0.6436567164179103 0.13292910447761191 0.1902985074626865
0 0.1616138059701492 0.4412313432835821 0.11054104477611937 0.19216417910447758
0 0.3575093283582089 0.9104477611940299 0.11054104477611944 0.1791044776119402
0 0.8822294776119403 0.6268656716417911 0.12173507462686559 0.13432835820895533
0 0.8346548507462686 0.8451492537313433 0.13852611940298487 0.15671641791044777
0 0.503731343283582 0.8078358208955224 0.08955223880597017 0.1268656716417911
0 0.06296641791044776 0.12332089267559906 0.1259328358208955 0.1451492594249213
