0 0.4377615062761507 0.4253835425383542 0.11610878661087859 0.19804741980474197
1 0.26359832635983266 0.5439330543933054 0.20502092050209206 0.25383542538354253
1 0.6166317991631799 0.593444909344491 0.21234309623430953 0.2691771269177128
0 0.7259414225941423 0.2928870292887029 0.21548117154811713 0.2315202231520223
0 0.9367154811715481 0.4107391910739191 0.11820083682008374 0.14086471408647142
1 0.6093096234309624 0.08368200836820083 0.19142259414225954 0.15620641562064155
0 0.1532426778242678 0.19456066945606693 0.09309623430962344 0.09902370990237101
0 0.3075313807531381 0.13389121338912133 0.102510460251046 0.10878661087866107
0 0.06851464435146444 0.2196652719665272 0.08054393305439332 0.13528591352859132
0 0.893305439330544 0.03347280334728033 0.08158995815899588 0.06694560669456066
