0 0.6350328947368421 0.2888157894736842 0.09374999999999993 0.08552631578947366
0 0.5032894736842105 0.0861842105263158 0.12434210526315788 0.10131578947368423
0 0.33996710526315793 0.1328947368421053 0.11348684210526319 0.1105263157894737
0 0.7559210526315789 0.5743421052631579 0.1046052631578948 0.13026315789473686
0 0.4297697368421053 0.7736842105263158 0.0996710526315789 0.1394736842105263
0 0.15345394736842105 0.444078947368421 0.06611842105263158 0.1144736842105263
0 0.25263157894736843 0.5973684210526315 0.07302631578947366 0.15526315789473685
0 0.2738486842105263 0.8730263157894737 0.062171052631578974 0.13815789473684206
0 0.4248355263157895 0.46315789473684205 0.07401315789473685 0.12105263157894733
0 0.5338815789473685 0.5513157894736842 0.08289473684210527 0.1263157894736842
0 0.6754934210526317 0.7111842105263159 0.10361842105263172 0.11710526315789466
1 0.964638157894737 0.10197368421052634 0.07006578947368425 0.11973684210526318
0 0.9523026315789473 0.3460526315789474 0.06315789473684205 0.08947368421052633
1 0.05575657894736843 0.1907894736842105 0.09769736842105264 0.15526315789473683
1 0.03355263157894737 0.6677631578947368 0.061184210526315785 0.21447368421052637
