1 0.5534897025171626 0.7334096109839817 0.13558352402746002 0.23112128146453095
0 0.6521739130434784 0.6979405034324944 0.10640732265446232 0.11899313501144164
0 0.8675629290617849 0.602974828375286 0.12871853546910741 0.15331807780320367
1 0.3423913043478261 0.6887871853546911 0.20423340961098402 0.1327231121281465
0 0.645308924485126 0.37299771167048057 0.09610983981693373 0.16933638443935928
0 0.7525743707093823 0.368421052631579 0.12871853546910755 0.15560640732265443
2 0.30720823798627006 0.3032036613272311 0.2025171624713959 0.22654462242562926
1 0.08066361556064074 0.3890160183066362 0.12013729977116708 0.16475972540045764
1 0.5071510297482839 0.11327231121281464 0.15617848970251721 0.17162471395881007
0 0.9405034324942791 0.8592677345537758 0.11670480549199068 0.14874141876430216
1 0.8855835240274601 0.20480549199084672 0.15102974828375282 0.23112128146453087
