1 0.4356907894736842 0.1375 0.10361842105263158 0.1328947368421053
0 0.24375 0.2875 0.09276315789473688 0.12236842105263154
0 0.20921052631578949 0.10657894736842105 0.09473684210526315 0.12105263157894736
0 0.1105263157894737 0.44473684210526315 0.11447368421052632 0.1289473684210526
0 0.5669407894736842 0.2921052631578947 0.08585526315789473 0.11842105263157894
0 0.6197368421052633 0.5947368421052631 0.09473684210526322 0.12105263157894733
0 0.7396381578947369 0.3223684210526316 0.0878289473684211 0.13947368421052628
0 0.7243421052631578 0.8671052631578948 0.09671052631578946 0.1421052631578948
0 0.5723684210526316 0.8078947368421052 0.09276315789473678 0.12631578947368424
0 0.4085526315789474 0.8125 0.06513157894736843 0.12236842105263179
0 0.37351973684210527 0.46513157894736834 0.062171052631578905 0.11710526315789473
0 0.43519736842105267 0.3789473684210526 0.0769736842105263 0.1184210526315789
0 0.8452302631578948 0.3078947368421053 0.07006578947368411 0.12894736842105264
0 0.8684210526315791 0.6611842105263159 0.0769736842105263 0.13552631578947377
0 0.20575657894736843 0.6842105263157893 0.1233552631578947 0.10526315789473684
