0 0.3246268656716418 0.1707089552238806 0.13152985074626858 0.17723880597014927
0 0.1763059701492537 0.3610074626865672 0.11753731343283581 0.18843283582089548
2 0.6667444029850745 0.3292910447761194 0.21408582089552242 0.2742537313432836
2 0.8777985074626865 0.146455223880597 0.244402985074627 0.20335820895522388
0 0.9120802238805971 0.5074626865671642 0.17583955223880607 0.19029850746268656
0 0.49043843283582084 0.9151119402985075 0.07975746268656721 0.125
1 0.6723414179104477 0.8852611940298507 0.1805037313432836 0.2294776119402985
0 0.9127798507462686 0.8302238805970148 0.17444029850746276 0.23507462686567165
0 0.05597014925373135 0.6251865643173901 0.11194029850746269 0.14514925942492127
1 0.17070895522388058 0.8955223880597015 0.16511194029850743 0.20895522388059704
1 0.30573694029850745 0.7611940298507462 0.18610074626865675 0.1791044776119402
0 0.9750466417910448 0.27705223880597013 0.04990671641791053 0.12126865671641797
