1 0.08838672768878719 0.25057208237986267 0.14931350114416475 0.23569794050343248
2 0.3320938215102975 0.10183066361556063 0.22482837528604122 0.1945080091533181
2 0.33981693363844395 0.45080091533180777 0.21281464530892447 0.24256292906178495
1 0.6101258581235698 0.425629290617849 0.17677345537757438 0.2379862700228833
2 0.6573226544622426 0.19565217391304351 0.1270022883295195 0.19450800915331812
2 0.8323798627002289 0.07780320366132723 0.1270022883295195 0.15560640732265446
2 0.7963386727688788 0.7448512585812357 0.15789473684210506 0.17162471395881
1 0.8624141876430207 0.6292906178489702 0.10469107551487411 0.13272311212814641
2 0.5466247139588102 0.7128146453089245 0.1836384439359268 0.17162471395881007
0 0.08409610983981695 0.6933638443935922 0.16819221967963385 0.3157894736842104
0 0.3012013729977117 0.8089244851258581 0.14588100686498856 0.18535469107551478
2 0.6779176201372998 0.9210526315789473 0.17848970251716254 0.15789473684210534
