1 0.1613272311212815 0.4153318077803203 0.20594965675057214 0.2219679633867276
1 0.39130434782608703 0.26544622425629294 0.18535469107551486 0.2608695652173913
1 0.6719107551487414 0.32151029748283755 0.1390160183066361 0.21739130434782608
0 0.7542906178489703 0.5606407322654462 0.1321510297482837 0.17848970251716254
1 0.6332951945080092 0.7791762013729976 0.12700228832951943 0.23112128146453087
1 0.3732837528604119 0.7173913043478259 0.18020594965675055 0.25400457665903886
1 0.054919908466819226 0.7677345537757438 0.10983981693363845 0.18077803203661333
0 0.23770022883295197 0.9405034324942791 0.13558352402746 0.11899313501144163
0 0.9539473684210527 0.24713958810068648 0.09210526315789465 0.20137299771167044
0 0.4445080091533181 0.08466819221967964 0.2334096109839817 0.10983981693363845
