1 0.5534897025171626 0.12814645308924486 0.169908466819222 0.20594965675057206
1 0.3175057208237987 0.4725400457665904 0.21281464530892452 0.15789473684210528
1 0.13215102974828377 0.47826086956521735 0.17162471395881007 0.16933638443935928
1 0.08924485125858124 0.17620137299771169 0.17848970251716248 0.1510297482837529
1 0.30549199084668194 0.05034324942791761 0.19908466819221973 0.10068649885583524
2 0.579233409610984 0.6041189931350115 0.22482837528604116 0.21967963386727696
0 0.48913043478260876 0.9347826086956522 0.21624713958810068 0.13043478260869562
0 0.2574370709382151 0.8329519450800916 0.1750572082379863 0.17848970251716254
1 0.8933066361556063 0.3592677345537757 0.14931350114416475 0.2517162471395881
0 0.9216247139588102 0.9050343249427917 0.13386727688787176 0.18993135011441653
0 0.9302059496567506 0.7437070938215103 0.1201372997711671 0.13272311212814641
