0 0.45335820895522383 0.2052238805970149 0.20708955223880593 0.18656716417910446
0 0.9375 0.20055970149253732 0.10634328358208947 0.1548507462686567
1 0.8885261194029849 0.6660447761194029 0.16791044776119393 0.22761194029850743
1 0.8535447761194029 0.9123134328358209 0.18749999999999997 0.17537313432835816
0 0.6786380597014925 0.6110074626865672 0.12033582089552239 0.1585820895522388
2 0.4596548507462686 0.5354477611940298 0.20289179104477612 0.21641791044776112
0 0.2210820895522388 0.8097014925373134 0.21548507462686564 0.14925373134328354
0 0.1791044776119403 0.48320895522388063 0.1427238805970149 0.1455223880597015
0 0.1392257462686567 0.29011194029850745 0.158115671641791 0.13619402985074622
2 0.7430037313432836 0.18936567164179102 0.17910447761194034 0.1809701492537313
