2 0.6075514874141877 0.5823798627002289 0.20594965675057225 0.31807780320366136
1 0.8855835240274601 0.5480549199084669 0.14759725400457668 0.33180778032036623
1 0.90675057208238 0.19336384439359267 0.18649885583524012 0.2768878718535469
0 0.6950800915331808 0.2185354691075515 0.2196796338672769 0.25858123569794045
0 0.35955377574370717 0.43249427917620137 0.22139588100686503 0.3524027459954235
0 0.14588100686498856 0.32608695652173914 0.12700228832951946 0.4096109839816933
0 0.45737986270022885 0.8398169336384439 0.11498855835240271 0.2151029748283753
0 0.2943363844393593 0.925629290617849 0.11155606407322657 0.14874141876430202
0 0.1561784897025172 0.9096109839816934 0.09610983981693366 0.1807780320366132
1 0.7911899313501144 0.8752860411899315 0.12356979405034324 0.24942791762013727
