1 0.205091533180778 0.2551487414187643 0.16304347826086954 0.3501144164759725
0 0.357837528604119 0.07208237986270023 0.08409610983981693 0.14416475972540047
0 0.5328947368421053 0.2402745995423341 0.13215102974828377 0.17848970251716245
0 0.4170480549199085 0.41762013729977115 0.09267734553775739 0.11212814645308918
2 0.6753432494279177 0.7185354691075516 0.1802059496567506 0.2791762013729977
1 0.7431350114416477 0.4050343249427918 0.1201372997711671 0.26086956521739135
1 0.8478260869565218 0.24713958810068648 0.12700228832951965 0.19679633867276888
1 0.19307780320366136 0.5881006864988558 0.16990846681922198 0.21967963386727682
0 0.21453089244851264 0.9313501144164761 0.13043478260869568 0.13729977116704803
1 0.9181922196796338 0.711670480549199 0.1338672768878719 0.19679633867276883
1 0.5732265446224257 0.9496567505720824 0.1750572082379864 0.10068649885583525
0 0.3973112128146454 0.6922196796338673 0.11155606407322657 0.2631578947368422
1 0.7222540045766587 0.06750572082379862 0.11956521739130566 0.13043478260869565
