1 0.28055037313432835 0.5923507462686568 0.13013059701492538 0.20335820895522388
0 0.1742070895522388 0.24347014925373134 0.15531716417910446 0.22201492537313436
0 0.036380597014925374 0.2483208926755991 0.07276119402985075 0.18619403554432432
0 0.039878731343283576 0.4647388031233602 0.07975746268656715 0.13843283012731747
0 0.05946828358208955 0.7828358180487334 0.1189365671641791 0.08358209524581696
2 0.4778451492537313 0.3246268656716418 0.10214552238805957 0.16791044776119401
0 0.49953358208955223 0.12313432835820896 0.0895522388059701 0.12686567164179105
0 0.7213152985074626 0.13432835820895522 0.06856343283582078 0.09701492537313433
0 0.5520055970149252 0.4496268656716417 0.10214552238805971 0.10820895522388063
0 0.7877798507462686 0.30970149253731344 0.07835820895522388 0.10074626865671636
1 0.9477611940298507 0.3348880597014926 0.10447761194029852 0.2705223880597016
0 0.7283115671641791 0.6529850746268656 0.12733208955223888 0.17164179104477612
0 0.7884794776119403 0.8414179104477612 0.11893656716417907 0.1343283582089552
0 0.956856343283582 0.5625 0.0862873134328359 0.1212686567164178
2 0.4589552238805969 0.7863805970149254 0.27145522388059695 0.2294776119402985
0 0.26305970149253727 0.951492537313433 0.09514925373134325 0.09701492537313428
