1 0.8710354477611939 0.730410447761194 0.1357276119402985 0.2332089552238805
1 0.5450093283582089 0.7546641791044775 0.17770522388059695 0.15111940298507462
1 0.6534514925373134 0.9337686567164178 0.10914179104477612 0.13246268656716423
1 0.2756529850746268 0.8992537313432836 0.16231343283582084 0.20149253731343295
1 0.5555037313432836 0.4626865671641791 0.20149253731343278 0.18656716417910452
1 0.8990205223880596 0.39458955223880593 0.14132462686567152 0.14738805970149252
0 0.3288246268656716 0.37873134328358204 0.11473880597014922 0.13805970149253732
1 0.21058768656716415 0.5746268656716418 0.11054104477611937 0.17910447761194034
0 0.036380597014925374 0.7138059673024647 0.07276119402985075 0.24402985643984665
0 0.09095149253731342 0.2052238805970149 0.07835820895522386 0.20149253731343286
0 0.6499533582089551 0.14832089552238809 0.13572761194029845 0.11380597014925374
