2 0.9310855263157896 0.2703947368421053 0.11151315789473686 0.23289473684210524
1 0.8190789473684211 0.5736842105263158 0.0868421052631578 0.15
1 0.8393092105263159 0.807236842105263 0.0898026315789474 0.14868421052631575
2 0.6113486842105265 0.8230263157894736 0.1371710526315791 0.1881578947368422
1 0.43322368421052637 0.6901315789473685 0.09868421052631575 0.13552631578947377
1 0.5348684210526317 0.5138157894736842 0.13618421052631582 0.13552631578947363
1 0.6641447368421054 0.2125 0.14802631578947378 0.1723684210526316
0 0.3118421052631579 0.15197368421052632 0.1144736842105263 0.14342105263157895
1 0.33256578947368426 0.3638157894736842 0.10657894736842106 0.13552631578947374
1 0.16628289473684213 0.7197368421052631 0.0917763157894737 0.11052631578947372
