1 0.7723880597014926 0.44496268656716426 0.08675373134328353 0.12873134328358213
1 0.9617537313432836 0.4673507462686567 0.07649253731343293 0.12873134328358213
1 0.34141791044776115 0.7817164179104478 0.1791044776119403 0.21641791044776126
0 0.4309701492537313 0.5541044776119404 0.11753731343283583 0.14552238805970155
0 0.7297108208955223 0.18097014925373137 0.11054104477611944 0.12686567164179105
0 0.7940764925373134 0.033582089552238806 0.07975746268656707 0.06716417910447761
1 0.2203824626865671 0.43843283582089543 0.0853544776119402 0.22761194029850734
0 0.5750932835820896 0.9001865671641791 0.1315298507462687 0.19962686567164184
1 0.8017723880597012 0.8638059701492538 0.12313432835820905 0.27238805970149244
0 0.6527518656716417 0.6688432835820897 0.09654850746268658 0.17350746268656714
1 0.5086287313432837 0.38526119402985076 0.1357276119402985 0.16977611940298507
0 0.07905783582089551 0.20242537313432835 0.10494402985074626 0.10261194029850744
3 0.29594216417910446 0.2416044776119403 0.18050373134328354 0.14738805970149255
