2 0.5294622425629291 0.26315789473684215 0.1664759725400458 0.2196796338672769
1 0.8195080091533182 0.46338672768878714 0.1596109839816934 0.2677345537757436
1 0.9487986270022885 0.7723112128146454 0.10240274599542332 0.2951945080091534
3 0.5852402745995424 0.8066361556064073 0.23340961098398175 0.30434782608695654
0 0.3930205949656751 0.5594965675057209 0.1613272311212815 0.1533180778032036
2 0.08667048054919908 0.3901601830663616 0.16990846681922198 0.2677345537757437
0 0.2788901601830664 0.2345537757437071 0.1424485125858124 0.1716247139588101
1 0.26086956521739135 0.04576659038901601 0.11670480549199085 0.09153318077803202
1 0.27202517162471396 0.908466819221968 0.15274599542334097 0.18306636155606398
1 0.07122425629290617 0.6796338672768879 0.11498855835240274 0.21052631578947362
