1 0.8570429104477612 0.7901119402985075 0.12453358208955223 0.18843283582089554
0 0.513526119402985 0.869402985074627 0.10354477611940296 0.15298507462686572
0 0.6212686567164178 0.5886194029850746 0.1455223880597014 0.17723880597014927
1 0.4491604477611939 0.503731343283582 0.1427238805970149 0.2164179104477612
0 0.26236007462686567 0.7248134328358208 0.14692164179104472 0.15111940298507462
0 0.19799440298507462 0.9384328358208955 0.09654850746268653 0.12313432835820891
1 0.1455223880597015 0.271455223880597 0.10914179104477612 0.2033582089552239
0 0.3973880597014925 0.11940298507462688 0.1315298507462687 0.12686567164179105
0 0.784981343283582 0.06716417910447761 0.17350746268656705 0.10074626865671643
1 0.20009328358208955 0.46361940298507465 0.12873134328358204 0.17723880597014932
0 0.5960820895522388 0.2117537313432836 0.11753731343283576 0.15858208955223885
0 0.8528451492537311 0.2667910447761194 0.09934701492537315 0.15298507462686564
