0 0.6429570895522387 0.05876865671641791 0.1469216417910448 0.11753731343283581
1 0.6625466417910446 0.314365671641791 0.15811567164179102 0.2182835820895522
0 0.9316697761194029 0.291044776119403 0.13666044776119407 0.11194029850746269
0 0.9113805970149254 0.1707089552238806 0.17723880597014927 0.09888059701492537
1 0.9183768656716417 0.06529850746268656 0.1632462686567166 0.08582089552238806
1 0.8367537313432836 0.5354477611940298 0.1455223880597015 0.2798507462686567
1 0.6807369402985054 0.6427238805970148 0.14972014925373084 0.3078358208955221
0 0.38059701492537307 0.25746268656716415 0.09794776119402983 0.1417910447761194
1 0.21548507462686564 0.9188432835820897 0.1595149253731343 0.12126865671641796
0 0.5750932835820896 0.8292910447761193 0.1315298507462687 0.12873134328358204
0 0.9116138059701491 0.8106343283582089 0.10214552238805964 0.17350746268656705
3 0.1644123134328358 0.14179104477611942 0.27845149253731344 0.2686567164179105
0 0.17490671641791045 0.7873134328358208 0.09794776119402986 0.09701492537313428
0 0.24906716417910446 0.34421641791044777 0.11753731343283583 0.10634328358208958
