1 0.4645522388059702 0.7863805970149254 0.2322761194029851 0.2294776119402985
0 0.5268190298507461 0.07555970149253731 0.2196828358208955 0.12126865671641791
0 0.5848880597014926 0.332089552238806 0.14552238805970155 0.13432835820895528
0 0.18330223880597013 0.8330223880597015 0.10354477611940299 0.13992537313432835
0 0.12663246268656717 0.049440298507462684 0.08255597014925374 0.09888059701492537
0 0.8402518656716416 0.5298507462686567 0.11893656716417908 0.14925373134328354
2 0.8316231343283582 0.7266791044776119 0.3367537313432837 0.23320895522388063
0 0.909981343283582 0.9048507462686567 0.1800373134328359 0.10820895522388056
0 0.4673507462686567 0.45708955223880593 0.09514925373134325 0.09328358208955216
0 0.2434701492537313 0.5876865671641791 0.10914179104477612 0.13805970149253732
0 0.31273320895522383 0.4151119402985075 0.11333955223880593 0.1361940298507463
0 0.6940298507462686 0.051305970149253734 0.08675373134328368 0.07276119402985076
0 0.06786380597014925 0.5503731343283582 0.07975746268656715 0.08955223880597017
