1 0.5464085820895522 0.3638059701492537 0.17210820895522383 0.23134328358208958
1 0.32182835820895517 0.12779850746268656 0.17070895522388058 0.14738805970149255
2 0.3435167910447761 0.6063432835820897 0.23367537313432837 0.18656716417910452
0 0.5429104477611939 0.6399253731343283 0.12313432835820898 0.16791044776119393
1 0.17840485074626863 0.41884328358208955 0.1441231343283582 0.22201492537313436
0 0.5527052238805968 0.05037313432835821 0.13712686567164176 0.10074626865671642
0 0.796875 0.4421641791044776 0.09934701492537315 0.16044776119402981
1 0.8381529850746268 0.6315298507462687 0.18190298507462685 0.15485074626865675
2 0.6786380597014925 0.8535447761194029 0.19869402985074622 0.20708955223880593
0 0.9053171641791045 0.9300373134328359 0.15951492537313428 0.13992537313432835
3 0.8171641791044775 0.14832089552238806 0.2798507462686568 0.2555970149253731
0 0.08885261194029848 0.8917910447761195 0.14692164179104472 0.21641791044776112
0 0.24626865671641787 0.9319029850746269 0.11194029850746269 0.1361940298507463
