1 0.954757462686567 0.5261194029850746 0.09048507462686572 0.19402985074626863
1 0.7381063432835819 0.4505597014925373 0.2252798507462687 0.17723880597014927
1 0.49463619402985076 0.31996268656716415 0.16651119402985068 0.20335820895522388
0 0.18819962686567165 0.251865671641791 0.17770522388059704 0.17537313432835816
1 0.08535447761194029 0.5029850717800767 0.17070895522388058 0.24477611370940708
0 0.34141791044776115 0.5699626865671641 0.17350746268656714 0.24067164179104467
0 0.08745335820895521 0.792910447761194 0.1525186567164179 0.18283582089552242
1 0.7024253731343283 0.7369402985074626 0.14552238805970172 0.11940298507462677
1 0.8178638059701491 0.8731343283582089 0.1749067164179104 0.1156716417910448
0 0.7786847014925371 0.10727611940298505 0.12173507462686559 0.12873134328358207
