1 0.534375 0.5256578947368421 0.10953947368421062 0.14868421052631575
0 0.8077302631578948 0.5480263157894737 0.1016447368421052 0.10657894736842109
0 0.8205592105263159 0.2730263157894737 0.10164473684210534 0.1381578947368421
1 0.6054276315789474 0.12960526315789472 0.10361842105263165 0.125
1 0.3429276315789474 0.13355263157894737 0.10756578947368425 0.11710526315789473
0 0.2728618421052632 0.33026315789473687 0.10164473684210527 0.12631578947368424
0 0.07450657894736842 0.40460526315789475 0.07993421052631579 0.09078947368421054
0 0.6952302631578948 0.657236842105263 0.0957236842105263 0.13026315789473686
0 0.2363486842105263 0.7802631578947369 0.10164473684210523 0.09473684210526301
2 0.16233552631578949 0.6467105263157894 0.18256578947368424 0.1381578947368422
0 0.6069078947368423 0.8572368421052632 0.09868421052631589 0.0828947368421052
0 0.542763157894737 0.9315789473684211 0.10263157894736849 0.09210526315789465
