0 0.5625 0.6578947368421053 0.1519736842105263 0.10789473684210528
0 0.8644736842105263 0.5796052631578947 0.15197368421052646 0.13026315789473686
0 0.7860197368421052 0.1144736842105263 0.18256578947368415 0.08684210526315789
0 0.6754934210526317 0.3203947368421053 0.1549342105263158 0.10394736842105264
0 0.8876644736842105 0.7578947368421052 0.1569078947368422 0.07368421052631575
0 0.4534539473684211 0.9276315789473685 0.1628289473684211 0.052631578947368356
1 0.3592105263157894 0.7756578947368421 0.15000000000000008 0.1723684210526315
0 0.23634868421052635 0.6657894736842106 0.07401315789473685 0.10526315789473678
1 0.37351973684210527 0.31315789473684214 0.1016447368421052 0.12105263157894736
0 0.41743421052631574 0.4480263157894737 0.15592105263157896 0.12500000000000008
0 0.1944078947368421 0.07894736842105261 0.06907894736842103 0.08421052631578947
0 0.43223684210526314 0.09473684210526315 0.08092105263157898 0.11052631578947368
0 0.17664473684210527 0.9651315789473685 0.08684210526315787 0.06973684210526315
0 0.684375 0.03881578947368422 0.11940789473684213 0.07763157894736844
