3 0.4968535469107552 0.391304347826087 0.1973684210526315 0.2654462242562929
1 0.8861556064073227 0.32723112128146453 0.22768878718535462 0.2379862700228833
2 0.7637299771167048 0.10068649885583524 0.18535469107551492 0.19221967963386727
1 0.12013729977116704 0.5572082379862701 0.14759725400457666 0.16247139588100687
0 0.30635011441647597 0.6704805491990846 0.16304347826086954 0.2334096109839817
2 0.47797482837528604 0.8112128146453088 0.12871853546910755 0.2677345537757436
1 0.11842105263157895 0.8672768878718535 0.1750572082379863 0.2334096109839817
1 0.30549199084668194 0.24599542334096114 0.1407322654462243 0.11212814645308927
3 0.7929061784897026 0.6304347826086957 0.09954233409610992 0.2906178489702516
0 0.6744851258581235 0.6052631578947368 0.11327231121281464 0.19450800915331798
0 0.9402173913043478 0.9107551487414187 0.11956521739130438 0.17391304347826078
