1 0.7345537757437072 0.26430205949656754 0.09954233409610978 0.21739130434782608
1 0.9367848970251716 0.12700228832951943 0.12643020594965676 0.20823798627002288
0 0.5758009153318079 0.26659038901601834 0.16990846681922206 0.23112128146453087
1 0.6169908466819223 0.597254004576659 0.18020594965675066 0.20137299771167044
1 0.8452517162471398 0.5331807780320367 0.14931350114416475 0.2151029748283753
1 0.40245995423340963 0.47139588100686497 0.21796338672768883 0.17848970251716245
0 0.2110983981693364 0.648741418764302 0.13729977116704808 0.17620137299771158
0 0.06607551487414189 0.6533180778032036 0.10812356979405034 0.17620137299771174
0 0.2771739130434783 0.8787185354691076 0.15617848970251721 0.17848970251716254
1 0.30720823798627006 0.06750572082379862 0.19565217391304351 0.13501144164759724
0 0.15961098398169338 0.16475972540045766 0.1887871853546911 0.12356979405034324
0 0.9413615560640732 0.7711670480549199 0.11155606407322666 0.1967963386727689
