2 0.9316697761194029 0.35634328358208955 0.13666044776119407 0.4626865671641791
2 0.8528451492537314 0.8311567164179103 0.138526119402985 0.3376865671641791
0 0.8248600746268656 0.373134328358209 0.08255597014925371 0.1940298507462687
1 0.7045242537313433 0.2210820895522388 0.2364738805970149 0.19216417910447764
1 0.3078358208955223 0.1623134328358209 0.15391791044776112 0.1791044776119403
2 0.2259794776119403 0.5139925373134328 0.17770522388059704 0.25932835820895517
1 0.3680037313432835 0.8843283582089552 0.12033582089552236 0.2313432835820896
2 0.5729944029850745 0.6277985074626866 0.22248134328358204 0.36753731343283574
1 0.11333955223880597 0.9458955223880596 0.16511194029850745 0.10820895522388056
0 0.058069029850746266 0.041977611940298504 0.11613805970149253 0.08395522388059701
