1 0.177705223880597 0.8610074626865672 0.20988805970149252 0.18097014925373145
0 0.5121268656716418 0.9608208955223881 0.1455223880597015 0.07835820895522388
0 0.46455223880597013 0.6576492537313433 0.12873134328358204 0.14738805970149257
0 0.769589552238806 0.691231343283582 0.21268656716417908 0.125
1 0.2560634328358209 0.5205223880597015 0.1539179104477612 0.1753731343283583
1 0.12873134328358207 0.15111940298507462 0.10074626865671642 0.2052238805970149
0 0.4071828358208955 0.09888059701492537 0.08955223880597017 0.13059701492537315
0 0.6989272388059701 0.27332089552238803 0.10214552238805967 0.11753731343283583
0 0.5981809701492536 0.4151119402985074 0.08255597014925371 0.15485074626865675
0 0.9596548507462686 0.4216417910447761 0.08069029850746276 0.15671641791044777
