1 0.27510460251046026 0.4379358437935844 0.16527196652719667 0.18410041841004188
2 0.7207112970711296 0.5509065550906554 0.16527196652719667 0.2119944211994421
0 0.901673640167364 0.5285913528591353 0.11087866108786613 0.37935843793584373
1 0.49529288702928864 0.6283124128312413 0.1391213389121338 0.294281729428173
1 0.22803347280334726 0.7315202231520224 0.1673640167364017 0.29428172942817293
0 0.06746861924686193 0.5864714086471409 0.0700836820083682 0.112970711297071
0 0.5444560669456067 0.35006973500697347 0.16631799163179914 0.1450488145048814
1 0.9001046025104603 0.1659693165969317 0.17887029288702933 0.19804741980474203
1 0.4163179916317992 0.11157601115760113 0.22175732217573227 0.16457461645746163
0 0.1705020920502092 0.1387726638772664 0.1652719665271967 0.14644351464435146
