2 0.10774253731343282 0.7798507462686567 0.21548507462686564 0.3171641791044777
1 0.1378264925373134 0.3414179104477612 0.22527985074626863 0.2201492537313433
0 0.31623134328358204 0.3610074626865672 0.061567164179104454 0.12873134328358213
1 0.30503731343283585 0.0876865671641791 0.19589552238805968 0.1753731343283582
1 0.5408115671641791 0.27238805970149255 0.19169776119402981 0.3059701492537314
1 0.8045708955223878 0.15578358208955226 0.1455223880597015 0.1287313432835821
1 0.3323227611940298 0.8787313432835822 0.1581156716417911 0.24253731343283577
1 0.6996268656716417 0.8479477611940299 0.15671641791044777 0.3041044776119402
0 0.5387126865671641 0.7845149253731344 0.10634328358208954 0.16604477611940283
0 0.9053171641791045 0.03917910447761194 0.12873134328358204 0.07835820895522388
0 0.8542444029850745 0.5335820895522388 0.057369402985074626 0.15671641791044777
