1 0.51058352402746 0.5274599542334095 0.17677345537757438 0.19450800915331803
0 0.7911899313501145 0.5491990846681922 0.16132723112128133 0.2105263157894737
1 0.6530320366132724 0.8180778032036613 0.1424485125858123 0.21281464530892436
0 0.9259153318077804 0.856979405034325 0.1390160183066361 0.19450800915331812
2 0.2831807780320366 0.7883295194508009 0.22997711670480556 0.27688787185354685
0 0.2574370709382151 0.5881006864988558 0.11327231121281464 0.1418764302059497
0 0.05835240274599543 0.44736842105263164 0.11670480549199086 0.080091533180778
0 0.18707093821510298 0.059496567505720827 0.21624713958810066 0.11899313501144165
2 0.7834668192219679 0.15560640732265446 0.1939359267734554 0.2837528604118993
0 0.5243135011441649 0.05720823798627003 0.0875286041189932 0.10068649885583525
2 0.3638443935926774 0.3169336384439359 0.20938215102974828 0.19908466819221965
