1 0.5407894736842106 0.6769736842105263 0.16776315789473684 0.21447368421052623
1 0.26842105263157895 0.6480263157894737 0.13026315789473686 0.21710526315789466
0 0.13914473684210527 0.1986842105263158 0.09078947368421053 0.11842105263157897
1 0.30838815789473684 0.2914473684210526 0.12730263157894733 0.1539473684210526
0 0.6192434210526316 0.9447368421052631 0.13914473684210527 0.1105263157894737
1 0.7939144736842105 0.49671052631578944 0.1351973684210526 0.14342105263157898
1 0.5955592105263158 0.3434210526315789 0.08585526315789466 0.12368421052631583
0 0.5319078947368421 0.26973684210526316 0.0434210526315789 0.0894736842105263
0 0.5358552631578948 0.09013157894736842 0.07697368421052637 0.0881578947368421
0 0.8407894736842106 0.7381578947368422 0.09078947368421054 0.12368421052631576
