1 0.7774599542334097 0.7814645308924486 0.17848970251716254 0.23112128146453087
0 0.5431922196796338 0.5594965675057209 0.16304347826086954 0.15789473684210528
1 0.6538901601830663 0.30892448512585813 0.1681922196796338 0.2608695652173913
1 0.579233409610984 0.8764302059496568 0.17677345537757447 0.2151029748283753
1 0.409324942791762 0.7883295194508009 0.18363844393592682 0.1990846681922197
1 0.2754576659038902 0.6727688787185354 0.19393592677345542 0.20137299771167044
0 0.21024027459954234 0.7723112128146454 0.18707093821510298 0.18993135011441653
0 0.9462242562929062 0.7471395881006865 0.10755148741418764 0.22654462242562937
0 0.3209382151029749 0.2791762013729977 0.15102974828375287 0.2242562929061785
0 0.37757437070938216 0.15331807780320367 0.13729977116704806 0.12814645308924486
