1 0.3724256292906179 0.6224256292906178 0.16475972540045766 0.1647597254004576
0 0.7199656750572083 0.7757437070938216 0.10812356979405024 0.15560640732265454
1 0.48741418764302064 0.8924485125858124 0.26086956521739124 0.16475972540045775
1 0.8615560640732266 0.7299771167048056 0.08237986270022887 0.25171624713958807
0 0.9728260869565218 0.5881006864988558 0.054347826086956416 0.2517162471395882
0 0.8263729977116705 0.18649885583524026 0.16990846681922206 0.18077803203661325
0 0.6547482837528605 0.2334096109839817 0.18707093821510298 0.18764302059496568
1 0.5869565217391305 0.4496567505720824 0.3638443935926773 0.14874141876430202
0 0.25486270022883295 0.3066361556064073 0.12185354691075517 0.12356979405034324
0 0.1656178489702517 0.6338672768878719 0.19050343249427915 0.22883295194508016
1 0.07723112128146453 0.2597254004576659 0.14759725400457668 0.16704805491990846
