1 0.7203947368421052 0.44276315789473686 0.09671052631578946 0.13026315789473686
0 0.6942434210526316 0.08684210526315789 0.0976973684210526 0.09736842105263158
1 0.4258223684210527 0.10526315789473685 0.11151315789473686 0.10263157894736841
0 0.4717105263157895 0.3414473684210526 0.10263157894736835 0.13552631578947363
0 0.5333881578947368 0.5546052631578948 0.06809210526315787 0.12763157894736843
1 0.37944078947368426 0.6217105263157895 0.0858552631578948 0.13815789473684206
0 0.22697368421052633 0.5486842105263158 0.10657894736842109 0.10263157894736842
1 0.27434210526315794 0.9138157894736841 0.09078947368421059 0.10657894736842095
0 0.6745065789473685 0.8611842105263158 0.0917763157894737 0.0960526315789474
1 0.8689144736842106 0.8375 0.0996710526315789 0.175
1 0.03404605263157895 0.35526315789473684 0.0680921052631579 0.16052631578947366
