1 0.4267723880597014 0.43376865671641796 0.1343283582089552 0.17350746268656722
1 0.5583022388059701 0.38339552238805974 0.1847014925373135 0.18470149253731344
0 0.6940298507462686 0.611007462686567 0.12313432835820891 0.19962686567164176
0 0.5548041044776119 0.8013059701492538 0.08535447761194029 0.11380597014925371
1 0.48134328358208944 0.10634328358208955 0.1791044776119403 0.2126865671641791
1 0.7576958955223878 0.1455223880597015 0.21128731343283577 0.23507462686567163
1 0.0853544776119403 0.8516791044776119 0.10074626865671643 0.2966417910447761
0 0.2931436567164179 0.8442164179104478 0.09375 0.14738805970149257
0 0.2091884328358209 0.4552238805970149 0.08535447761194029 0.16791044776119407
1 0.251865671641791 0.17164179104477612 0.1623134328358209 0.16417910447761194
