1 0.289187643020595 0.4107551487414187 0.23169336384439362 0.2814645308924485
0 0.2145308924485126 0.7780320366132724 0.17848970251716245 0.23798627002288328
1 0.5560640732265447 0.4496567505720823 0.1201372997711671 0.12128146453089228
0 0.5002860411899314 0.8043478260869565 0.08409610983981693 0.12585812356979417
0 0.6041189931350115 0.8146453089244852 0.11327231121281471 0.14187643020594962
1 0.7697368421052633 0.22540045766590389 0.1733409610983982 0.24027459954233407
0 0.9207665903890161 0.39244851258581237 0.1184210526315789 0.1670480549199085
1 0.8255148741418765 0.6636155606407322 0.17848970251716254 0.18764302059496565
0 0.6484553775743709 0.08581235697940504 0.10240274599542332 0.16704805491990846
1 0.054919908466819226 0.33066361556064083 0.10983981693363845 0.15789473684210528
