2 0.3291118421052632 0.6105263157894737 0.14703947368421053 0.1631578947368422
1 0.5338815789473684 0.8480263157894737 0.12828947368421054 0.16447368421052616
1 0.29901315789473687 0.8671052631578948 0.08289473684210527 0.1105263157894737
2 0.11595394736842106 0.6684210526315789 0.09967105263157894 0.12894736842105253
3 0.7741776315789476 0.5414473684210526 0.15493421052631565 0.20921052631578937
1 0.8171052631578948 0.8677631578947369 0.1105263157894737 0.1565789473684211
1 0.7598684210526316 0.9539473684210527 0.13421052631578959 0.09210526315789465
0 0.9656250000000002 0.8815789473684211 0.062171052631578905 0.10789473684210535
3 0.8758223684210527 0.1532894736842105 0.18651315789473685 0.18815789473684208
2 0.40805921052631583 0.1907894736842105 0.1411184210526315 0.12105263157894736
0 0.10460526315789476 0.12236842105263157 0.06315789473684212 0.08684210526315789
0 0.1741776315789474 0.19473684210526315 0.11546052631578947 0.1105263157894737
0 0.8990131578947369 0.3125 0.12039473684210521 0.09078947368421054
