2 0.949160447761194 0.3199626865671641 0.10167910447761182 0.36007462686567154
2 0.653451492537313 0.29944029850746245 0.16511194029850806 0.29291044776119357
1 0.6408582089552237 0.685634328358209 0.1371268656716417 0.207089552238806
0 0.8605410447761193 0.6800373134328359 0.14832089552238814 0.1660447761194031
0 0.9514925373134326 0.03451492537313433 0.05597014925373131 0.06902985074626866
0 0.033582089552238806 0.861007462686567 0.06716417910447761 0.2779850746268657
1 0.40858208955223874 0.47014925373134325 0.11194029850746269 0.14179104477611942
1 0.4260727611940298 0.2434701492537313 0.12733208955223888 0.18470149253731338
1 0.0979477611940298 0.12500000000000008 0.11473880597014934 0.2500000000000001
0 0.5093283582089552 0.05410447761194029 0.061567164179104454 0.10820895522388058
2 0.25606343283582084 0.808768656716418 0.20708955223880593 0.38246268656716415
