2 0.5131578947368421 0.8414473684210526 0.17368421052631583 0.19078947368421054
1 0.1741776315789474 0.8263157894736842 0.1667763157894737 0.1657894736842104
1 0.7317434210526318 0.5986842105263158 0.1569078947368422 0.18421052631578946
0 0.8851973684210526 0.35526315789473684 0.16381578947368425 0.1973684210526316
0 0.7993421052631581 0.7743421052631576 0.09276315789473685 0.1144736842105263
0 0.15542763157894737 0.3230263157894736 0.10756578947368421 0.09078947368421052
0 0.3710526315789474 0.5157894736842106 0.09671052631578946 0.11052631578947363
0 0.3370065789473685 0.11578947368421053 0.07993421052631579 0.12368421052631579
0 0.9133223684210526 0.13486842105263158 0.10559210526315795 0.09868421052631576
0 0.8866776315789474 0.8414473684210526 0.07401315789473685 0.09078947368421042
