1 0.5462171052631579 0.37171052631578944 0.1292763157894737 0.1723684210526316
0 0.30838815789473695 0.5598684210526316 0.11743421052631586 0.1355263157894737
1 0.14506578947368423 0.5407894736842106 0.10657894736842106 0.12368421052631583
2 0.2610197368421053 0.18618421052631579 0.10756578947368425 0.11973684210526316
1 0.7421052631578948 0.34736842105263155 0.08881578947368411 0.13947368421052633
1 0.799342105263158 0.6598684210526317 0.08092105263157891 0.1328947368421053
2 0.8856907894736843 0.65 0.0878289473684211 0.1263157894736842
1 0.5200657894736842 0.7618421052631578 0.12039473684210535 0.12631578947368424
0 0.38338815789473685 0.9361842105263157 0.08190789473684205 0.0828947368421052
1 0.08042763157894736 0.0493421052631579 0.14703947368421053 0.08289473684210527
2 0.7174342105263158 0.04473684210526316 0.12631578947368424 0.08684210526315789
