1 0.2713815789473685 0.13815789473684212 0.0769736842105263 0.1368421052631579
1 0.08092105263157894 0.21907894736842104 0.1125 0.175
1 0.25361842105263155 0.7296052631578948 0.11250000000000003 0.1644736842105263
0 0.42434210526315796 0.5822368421052632 0.05723684210526315 0.1460526315789474
1 0.48453947368421063 0.6664473684210526 0.0651315789473685 0.14868421052631575
0 0.5324013157894737 0.37631578947368416 0.08190789473684205 0.16315789473684217
1 0.4924342105263158 0.10263157894736842 0.07894736842105274 0.14210526315789473
1 0.6725328947368422 0.29539473684210527 0.044407894736842056 0.18815789473684208
0 0.7194078947368422 0.32763157894736844 0.05921052631578945 0.16578947368421051
1 0.815625 0.6723684210526315 0.08585526315789466 0.15789473684210514
0 0.621217105263158 0.9467105263157894 0.0838815789473685 0.10657894736842109
0 0.3863486842105263 0.11710526315789473 0.05230263157894733 0.10789473684210525
1 0.18601973684210527 0.5164473684210527 0.12138157894736842 0.13026315789473686
1 0.6651315789473685 0.6802631578947369 0.08092105263157898 0.1342105263157894
