1 0.6868421052631581 0.29078947368421054 0.16184210526315795 0.12894736842105264
1 0.6779605263157896 0.5684210526315789 0.15 0.10263157894736842
0 0.737171052631579 0.6855263157894737 0.1934210526315789 0.11842105263157897
1 0.8417763157894737 0.8921052631578948 0.13618421052631574 0.11842105263157904
1 0.43421052631578944 0.9013157894736841 0.12434210526315788 0.13684210526315796
0 0.3172697368421053 0.544078947368421 0.13322368421052633 0.0960526315789474
1 0.10361842105263158 0.5092105263157894 0.13026315789473686 0.2684210526315789
0 0.1105263157894737 0.8703947368421052 0.053289473684210546 0.07500000000000014
1 0.9717105263157896 0.6289473684210527 0.05657894736842096 0.11578947368421053
1 0.9083881578947368 0.19934210526315788 0.0996710526315789 0.12763157894736843
2 0.4055921052631579 0.19473684210526315 0.17368421052631577 0.25526315789473686
