1 0.5023026315789474 0.5092105263157894 0.1125 0.13947368421052636
1 0.6725328947368422 0.4256578947368422 0.10756578947368425 0.1223684210526316
2 0.40312500000000007 0.23157894736842105 0.14901315789473685 0.15789473684210528
1 0.11842105263157897 0.2730263157894737 0.12828947368421054 0.1144736842105263
1 0.6912828947368422 0.1375 0.17467105263157898 0.15131578947368418
1 0.4322368421052632 0.6927631578947369 0.17368421052631575 0.15921052631578952
1 0.7347039473684212 0.8085526315789474 0.15493421052631562 0.14342105263157903
0 0.8131578947368422 0.6960526315789474 0.1105263157894737 0.10263157894736835
2 0.9152960526315789 0.4539473684210526 0.13322368421052644 0.14999999999999994
0 0.23782894736842103 0.7703947368421052 0.12631578947368421 0.09342105263157904
1 0.290625 0.9361842105263157 0.17269736842105268 0.12763157894736848
1 0.880263157894737 0.9532894736842106 0.14013157894736836 0.0934210526315789
