0 0.3190298507462686 0.6930970149253731 0.12313432835820894 0.15111940298507456
0 0.6604477611940297 0.45522388059701496 0.12873134328358204 0.16417910447761194
1 0.46665111940298504 0.5111940298507462 0.15811567164179102 0.2313432835820896
0 0.11823694029850745 0.09235074626865672 0.07695895522388058 0.11007462686567165
0 0.3015391791044776 0.22201492537313436 0.0769589552238806 0.14552238805970152
1 0.03148320895522388 0.4180970120785841 0.06296641791044776 0.16007463255924967
1 0.20149253731343278 0.47108208955223885 0.15671641791044771 0.1548507462686567
0 0.09584888059701491 0.7173507462686567 0.11333955223880597 0.125
1 0.8815298507462686 0.2994402985074627 0.11473880597014925 0.18097014925373134
1 0.7353078358208955 0.08955223880597014 0.11054104477611944 0.1791044776119403
1 0.47224813432835816 0.12593283582089548 0.08255597014925371 0.25186567164179097
0 0.7534981343283579 0.6473880597014926 0.138526119402985 0.15671641791044785
1 0.9172108208955223 0.9375 0.13013059701492538 0.125
1 0.5310167910447761 0.9029850746268656 0.15531716417910446 0.1940298507462687
