2 0.2546641791044776 0.27798507462686567 0.26305970149253727 0.3097014925373134
1 0.30923507462686567 0.7658582089552239 0.23227611940298507 0.2593283582089553
0 0.6968283582089552 0.49067164179104483 0.10074626865671647 0.17164179104477617
0 0.6919309701492538 0.7714552238805971 0.15251865671641787 0.125
0 0.9281716417910448 0.6744402985074626 0.14365671641791053 0.09514925373134318
0 0.5946828358208954 0.15671641791044777 0.12873134328358204 0.13059701492537315
0 0.7912779850746268 0.16884328358208955 0.13292910447761203 0.13619402985074627
0 0.5443097014925372 0.041044776119402986 0.212686567164179 0.08208955223880597
0 0.026585820895522385 0.7567164150636588 0.05317164179104477 0.12835821464880198
0 0.4064832089552239 0.9710820895522388 0.0713619402985075 0.0578358208955224
