2 0.16684100418410044 0.5571827057182706 0.17468619246861927 0.26080892608089257
0 0.5439330543933054 0.4511854951185495 0.1569037656903766 0.1659693165969317
0 0.6710251046025104 0.6638772663877266 0.19142259414225948 0.1422594142259414
1 0.8085774058577405 0.907252440725244 0.12970711297071147 0.1101813110181311
0 0.9048117154811716 0.8158995815899581 0.08577405857740587 0.1255230125523012
1 0.9063807531380753 0.12273361227336124 0.151673640167364 0.14225941422594143
0 0.7839958158995816 0.3709902370990237 0.1893305439330544 0.10599721059972107
0 0.22018828451882844 0.22454672245467225 0.1328451882845188 0.1506276150627615
0 0.29707112970711297 0.12133891213389124 0.09414225941422594 0.10599721059972105
0 0.10355648535564853 0.8940027894002789 0.08577405857740585 0.09483960948396089
0 0.21025104602510464 0.8437935843793585 0.12552301255230128 0.13110181311018138
0 0.5125523012552301 0.9205020920502092 0.1506276150627614 0.1478382147838215
0 0.5287656903765691 0.16945606694560666 0.12029288702928881 0.09902370990237098
