0 0.21538901601830665 0.23913043478260868 0.1836384439359268 0.16247139588100687
2 0.5054347826086957 0.3100686498855836 0.23512585812356981 0.2356979405034325
0 0.8306636155606406 0.505720823798627 0.17505720823798626 0.16018306636155608
1 0.9513729977116705 0.18306636155606404 0.09725400457665899 0.1830663615560641
0 0.8452517162471398 0.11212814645308924 0.09782608695652172 0.16933638443935928
0 0.6907894736842105 0.15102974828375287 0.12185354691075524 0.1739130434782609
0 0.24456521739130438 0.47139588100686497 0.1596109839816934 0.1464530892448513
0 0.038615560640732266 0.5675057208237986 0.07723112128146453 0.12814645308924477
0 0.10125858123569795 0.8318077803203662 0.12700228832951946 0.17162471395881002
0 0.2531464530892449 0.7894736842105263 0.10125858123569792 0.11899313501144178
0 0.32265446224256294 0.8443935926773455 0.09954233409610985 0.19221967963386719
0 0.441933638443936 0.8032036613272311 0.11842105263157897 0.18764302059496557
1 0.5938215102974829 0.6796338672768879 0.13386727688787198 0.2334096109839817
0 0.7131006864988559 0.8443935926773455 0.11498855835240278 0.160183066361556
1 0.8718535469107553 0.8787185354691076 0.1338672768878719 0.17848970251716254
0 0.17162471395881007 0.04805491990846682 0.13386727688787187 0.09610983981693363
