1 0.4850328947368421 0.6572368421052631 0.12138157894736842 0.16710526315789473
3 0.33996710526315793 0.3625 0.11940789473684209 0.19078947368421054
1 0.9370065789473685 0.5782894736842106 0.0759868421052633 0.13026315789473686
1 0.6300986842105264 0.4151315789473684 0.09967105263157898 0.10657894736842109
1 0.7282894736842106 0.33026315789473687 0.09868421052631589 0.12368421052631579
0 0.7564144736842106 0.1730263157894737 0.0819078947368422 0.09605263157894736
1 0.19736842105263158 0.11381578947368422 0.1105263157894737 0.12763157894736843
2 0.11003289473684212 0.43486842105263157 0.10164473684210527 0.13026315789473686
2 0.06957236842105263 0.6842105263157895 0.07401315789473685 0.1263157894736841
1 0.27878289473684215 0.6559210526315788 0.07796052631578948 0.11447368421052623
2 0.3029605263157895 0.8934210526315789 0.13421052631578947 0.1105263157894737
0 0.6661184210526315 0.9190789473684211 0.07105263157894733 0.08026315789473686
3 0.789967105263158 0.7861842105263159 0.12138157894736863 0.17763157894736892
