3 0.37944078947368426 0.5006578947368421 0.10756578947368425 0.2434210526315789
1 0.6463815789473685 0.35723684210526324 0.15197368421052637 0.16710526315789476
2 0.10460526315789476 0.2894736842105263 0.13618421052631582 0.16315789473684206
1 0.2398026315789474 0.8644736842105263 0.12631578947368424 0.2210526315789474
1 0.6473684210526316 0.8065789473684211 0.1559210526315789 0.16052631578947354
0 0.8328947368421052 0.39868421052631575 0.1322368421052633 0.08421052631578953
1 0.9049342105263158 0.12236842105263157 0.12631578947368424 0.1105263157894737
0 0.6848684210526317 0.07236842105263158 0.1105263157894737 0.11842105263157894
3 0.8935855263157896 0.8993421052631578 0.1726973684210526 0.16710526315789465
3 0.05082236842105264 0.7348684210526315 0.08782894736842106 0.23815789473684204
