1 0.3148535564853557 0.7071129707112971 0.20083682008368203 0.22873082287308222
1 0.5303347280334728 0.8898186889818689 0.15271966527196654 0.1617852161785217
1 0.7243723849372384 0.7622036262203626 0.12656903765690386 0.19386331938633192
0 0.9006276150627615 0.6952580195258019 0.14644351464435146 0.2161785216178521
0 0.7217573221757323 0.33960948396094837 0.12761506276150628 0.14365411436541145
0 0.5031380753138075 0.4525801952580195 0.15271966527196654 0.18828451882845187
1 0.18410041841004188 0.4274755927475593 0.22384937238493727 0.22733612273361226
1 0.1344142259414226 0.8814504881450489 0.1872384937238494 0.192468619246862
0 0.9424686192468619 0.46094839609483956 0.1087866108786612 0.19665271966527192
1 0.7829497907949791 0.16248256624825663 0.1830543933054395 0.16317991631799164
