1 0.5729944029850745 0.13059701492537312 0.14132462686567165 0.17164179104477612
1 0.3715018656716418 0.4626865671641791 0.19169776119402987 0.17537313432835824
1 0.496035447761194 0.7192164179104478 0.14132462686567165 0.2667910447761195
1 0.7402052238805968 0.8535447761194029 0.14272388059701485 0.2742537313432835
1 0.1427238805970149 0.7453358208955223 0.2378731343283582 0.23320895522388058
1 0.1371268656716418 0.19421641506365878 0.2742537313432836 0.2123134385293989
1 0.07136194029850747 0.4666044747651513 0.14272388059701493 0.1488806027085034
1 0.8843283582089552 0.10914179104477612 0.14552238805970164 0.18470149253731344
0 0.9284048507462686 0.5494402985074627 0.10214552238805964 0.16231343283582092
0 0.6814365671641789 0.37779850746268656 0.08675373134328353 0.1958955223880598
