1 0.4855263157894737 0.4993421052631578 0.11052631578947376 0.15131578947368418
0 0.9458881578947369 0.4743421052631579 0.0720394736842104 0.1355263157894737
2 0.6379934210526317 0.1756578947368421 0.13519736842105268 0.12236842105263156
1 0.1875 0.2217105263157895 0.14407894736842106 0.16973684210526316
1 0.043421052631578944 0.10328947368421051 0.07697368421052632 0.14342105263157895
0 0.36167763157894744 0.4769736842105263 0.07796052631578945 0.10921052631578938
1 0.06365131578947368 0.5769736842105263 0.10164473684210526 0.10921052631578945
0 0.6488486842105263 0.8144736842105263 0.07401315789473685 0.13157894736842096
0 0.7307565789473685 0.931578947368421 0.07006578947368425 0.10263157894736849
0 0.5570723684210527 0.8651315789473685 0.05032894736842095 0.11447368421052645
1 0.25361842105263155 0.8473684210526315 0.07894736842105264 0.12631578947368424
0 0.41891447368421064 0.06447368421052631 0.06414473684210535 0.12894736842105262
0 0.8245065789473685 0.4940789473684211 0.062171052631578905 0.12236842105263164
