0 0.15592105263157896 0.19342105263157894 0.04736842105263154 0.12631578947368424
2 0.35822368421052636 0.30986842105263157 0.11842105263157894 0.15921052631578944
0 0.459375 0.8506578947368422 0.06019736842105267 0.13026315789473686
1 0.13371710526315791 0.7322368421052632 0.0680921052631579 0.1355263157894737
0 0.121875 0.5335526315789474 0.0542763157894737 0.0960526315789474
0 0.2694078947368421 0.8993421052631578 0.04539473684210527 0.10131578947368425
0 0.2550986842105263 0.6986842105263158 0.05822368421052627 0.13421052631578953
0 0.3113486842105263 0.8296052631578946 0.0542763157894737 0.10131578947368412
2 0.7726973684210526 0.6381578947368421 0.08684210526315794 0.14210526315789473
0 0.459375 0.4940789473684211 0.05032894736842103 0.1171052631578948
0 0.5190789473684211 0.5664473684210526 0.04539473684210527 0.11447368421052637
0 0.568421052631579 0.5322368421052631 0.04144736842105267 0.11184210526315795
0 0.5536184210526316 0.9059210526315788 0.04539473684210527 0.11184210526315795
0 0.6152960526315789 0.9467105263157893 0.06019736842105267 0.0960526315789474
