0 0.04057835820895522 0.09514925373134328 0.08115671641791045 0.12686567164179105
2 0.20569029850746268 0.09235074626865672 0.11194029850746269 0.1697761194029851
1 0.28264925373134325 0.44869402985074625 0.12873134328358213 0.14738805970149252
1 0.047574626865671626 0.9440298507462687 0.09514925373134327 0.11194029850746262
1 0.4169776119402984 0.6791044776119404 0.10354477611940296 0.16417910447761203
1 0.3246268656716418 0.8973880597014926 0.12313432835820894 0.1455223880597015
1 0.06156716417910447 0.7529850717800767 0.12313432835820894 0.12462687136521965
0 0.945195895522388 0.03731343283582089 0.060167910447761125 0.07462686567164178
1 0.4806436567164179 0.10541044776119403 0.12173507462686572 0.10634328358208958
0 0.6520522388059701 0.11940298507462685 0.09235074626865669 0.11940298507462685
0 0.5093283582089552 0.35541044776119407 0.08115671641791039 0.12126865671641791
0 0.7304104477611939 0.9188432835820897 0.09235074626865668 0.10261194029850756
0 0.5282182835820894 0.9701492537313433 0.09095149253731342 0.059701492537313355
1 0.7339085820895522 0.753731343283582 0.12173507462686559 0.14925373134328368
1 0.6338619402985074 0.5736940298507462 0.12033582089552233 0.17723880597014918
1 0.6408582089552239 0.3927238805970149 0.10914179104477605 0.1511194029850746
0 0.9004197761194028 0.3255597014925373 0.11893656716417907 0.11380597014925371
0 0.896222014925373 0.5317164179104478 0.12453358208955223 0.10447761194029852
1 0.9785447761194029 0.8992537313432836 0.042910447761194064 0.20149253731343295
