1 0.1761513157894737 0.8513157894736841 0.10361842105263158 0.14473684210526316
0 0.3207236842105264 0.9394736842105263 0.0690789473684211 0.0921052631578948
1 0.4440789473684211 0.6690789473684211 0.0769736842105263 0.10131578947368418
1 0.7766447368421053 0.9473684210526315 0.1105263157894737 0.10526315789473685
3 0.6651315789473685 0.6105263157894737 0.14407894736842108 0.21842105263157896
2 0.7144736842105263 0.275 0.1184210526315789 0.12368421052631583
1 0.346875 0.18355263157894736 0.0700657894736842 0.08815789473684213
1 0.427796052631579 0.2467105263157895 0.07993421052631575 0.09342105263157897
0 0.21759868421052633 0.4315789473684211 0.07203947368421054 0.10789473684210528
1 0.12779605263157898 0.20592105263157895 0.06611842105263159 0.11184210526315788
1 0.4356907894736842 0.8638157894736842 0.10559210526315795 0.1539473684210526
1 0.5881578947368422 0.9539473684210527 0.06118421052631568 0.07894736842105274
