0 0.3730263157894737 0.7717105263157894 0.09473684210526322 0.1434210526315789
0 0.5082236842105263 0.5434210526315789 0.09473684210526315 0.16842105263157892
1 0.1998355263157895 0.26710526315789473 0.08585526315789477 0.12105263157894736
0 0.30444078947368425 0.23026315789473684 0.07796052631578948 0.09473684210526312
0 0.0799342105263158 0.7782894736842105 0.09473684210526319 0.10394736842105261
0 0.23585526315789476 0.7697368421052632 0.09276315789473685 0.1315789473684211
0 0.7213815789473685 0.9592105263157894 0.1223684210526315 0.0815789473684211
0 0.8388157894736841 0.5888157894736843 0.10065789473684206 0.10394736842105252
0 0.6251644736842106 0.41513157894736835 0.06414473684210535 0.08289473684210527
0 0.7722039473684211 0.6618421052631578 0.05625 0.09210526315789465
0 0.6947368421052631 0.19078947368421054 0.0730263157894737 0.10789473684210528
0 0.8151315789473683 0.24473684210526314 0.061184210526316056 0.11578947368421053
0 0.8817434210526316 0.25592105263157894 0.06611842105263178 0.13815789473684212
