0 0.16511194029850745 0.3572761194029851 0.09514925373134327 0.13246268656716415
0 0.17350746268656714 0.7714552238805971 0.12313432835820894 0.1436567164179104
0 0.3910914179104477 0.7751865671641792 0.10214552238805967 0.14365671641791053
1 0.35960820895522383 0.4757462686567165 0.11473880597014922 0.16417910447761194
0 0.4547574626865671 0.3889925373134328 0.044776119402985086 0.1585820895522388
0 0.26305970149253727 0.05690298507462686 0.12033582089552233 0.08395522388059701
0 0.6016791044776119 0.022388059701492536 0.0895522388059701 0.04477611940298507
0 0.6044776119402984 0.34888059701492535 0.06996268656716417 0.13432835820895522
1 0.4400652985074626 0.07182835820895521 0.11333955223880586 0.14365671641791042
1 0.6492537313432836 0.673507462686567 0.212686567164179 0.22761194029850756
0 0.4757462686567163 0.9617537313432836 0.167910447761194 0.07649253731343293
0 0.888526119402985 0.3973880597014926 0.15951492537313441 0.16791044776119407
