2 0.6444508009153318 0.26887871853546913 0.21796338672768883 0.23569794050343248
0 0.9513729977116705 0.6212814645308924 0.09725400457665899 0.16247139588100679
0 0.798913043478261 0.48741418764302064 0.1664759725400458 0.11441647597254004
0 0.6461670480549201 0.8432494279176203 0.12871853546910764 0.14874141876430216
0 0.8323798627002289 0.9050343249427918 0.15446224256292906 0.17162471395881
0 0.47540045766590394 0.6201372997711672 0.17505720823798632 0.1830663615560642
1 0.3355263157894737 0.3512585812356979 0.24199084668192225 0.22196796338672764
1 0.9367848970251716 0.17848970251716245 0.12643020594965676 0.20594965675057206
0 0.14330663615560643 0.4279176201372998 0.1939359267734554 0.11899313501144171
1 0.16390160183066363 0.7093821510297482 0.1802059496567506 0.1464530892448513
