1 0.5363486842105263 0.7605263157894737 0.11348684210526322 0.15
1 0.8827302631578948 0.6309210526315789 0.1233552631578948 0.21447368421052646
0 0.7756578947368422 0.7065789473684215 0.07697368421052637 0.09473684210526231
0 0.09128289473684212 0.4625 0.09769736842105266 0.12763157894736835
1 0.21513157894736842 0.16842105263157894 0.09078947368421053 0.11052631578947368
0 0.45641447368421056 0.36776315789473685 0.07006578947368418 0.0960526315789474
0 0.5072368421052633 0.29934210526315785 0.06315789473684212 0.11973684210526318
0 0.515625 0.19078947368421054 0.07203947368421063 0.10526315789473681
0 0.7791118421052632 0.319078947368421 0.0957236842105263 0.11973684210526318
0 0.7963815789473685 0.11052631578947368 0.05921052631578945 0.10526315789473684
0 0.705592105263158 0.256578947368421 0.0375 0.08421052631578949
0 0.28125000000000006 0.5848684210526316 0.08486842105263158 0.11184210526315795
0 0.04588815789473685 0.7539473684210526 0.07006578947368422 0.1473684210526315
0 0.6226973684210527 0.9506578947368421 0.12434210526315788 0.09868421052631575
