1 0.1896453089244851 0.4405034324942791 0.23855835240274598 0.18535469107551486
1 0.0918192219679634 0.20022883295194507 0.1836384439359268 0.19450800915331803
0 0.3209382151029749 0.17848970251716245 0.15102974828375287 0.19221967963386727
1 0.477116704805492 0.22997711670480547 0.1270022883295195 0.2036613272311213
2 0.6864988558352403 0.6556064073226544 0.18878718535469105 0.2860411899313501
0 0.8581235697940502 0.5 0.14759725400457668 0.1807780320366132
0 0.7791762013729978 0.9199084668192219 0.1407322654462243 0.11441647597254004
2 0.31578947368421056 0.6967963386727689 0.18192219679633873 0.19450800915331812
1 0.46853546910755156 0.8146453089244851 0.0892448512585812 0.2334096109839817
0 0.43850114416475977 0.5217391304347826 0.12185354691075517 0.2151029748283753
1 0.06264302059496568 0.7757437070938216 0.10125858123569795 0.13272311212814628
1 0.700228832951945 0.13157894736842105 0.154462242562929 0.19908466819221968
