2 0.6375523012552301 0.6610878661087867 0.17677824267782427 0.2175732217573222
1 0.9278242677824268 0.5055788005578801 0.1443514644351464 0.24965132496513248
1 0.3028242677824267 0.7754532775453278 0.13493723849372383 0.18410041841004188
0 0.17311715481171547 0.7775453277545327 0.0993723849372385 0.14923291492329155
1 0.1647489539748954 0.4881450488145049 0.10355648535564853 0.14783821478382145
0 0.23535564853556484 0.3403068340306834 0.09623430962343094 0.11715481171548113
0 0.6406903765690376 0.36262203626220363 0.1767782426778242 0.24546722454672248
0 0.37238493723849375 0.19735006973500696 0.1589958158995816 0.18270571827057183
0 0.10355648535564856 0.1394700139470014 0.17154811715481175 0.203626220362622
2 0.5857740585774058 0.9344490934449092 0.18410041841004188 0.13110181311018138
1 0.8922594142259413 0.8981868898186889 0.13598326359832627 0.12831241283124128
