2 0.41546052631578945 0.5144736842105263 0.1559210526315789 0.20526315789473684
1 0.6088815789473685 0.26513157894736844 0.08289473684210527 0.16973684210526316
1 0.29901315789473687 0.19473684210526315 0.08289473684210527 0.1236842105263158
0 0.24769736842105267 0.6848684210526315 0.07499999999999997 0.11184210526315795
0 0.3167763157894737 0.8789473684210526 0.09671052631578955 0.15
1 0.15 0.8651315789473685 0.12828947368421054 0.14342105263157903
1 0.6064144736842105 0.7289473684210526 0.10953947368421041 0.1789473684210526
1 0.7233552631578948 0.4809210526315789 0.10263157894736849 0.16447368421052622
1 0.9261513157894737 0.8157894736842107 0.0996710526315789 0.14473684210526316
1 0.8847039473684211 0.368421052631579 0.09375000000000014 0.12894736842105264
