2 0.8763157894736844 0.5776315789473685 0.11842105263157904 0.19736842105263158
2 0.5358552631578948 0.8618421052631575 0.14210526315789476 0.14210526315789507
1 0.4085526315789474 0.6427631578947368 0.12434210526315795 0.11710526315789473
0 0.6508223684210526 0.31184210526315786 0.08782894736842102 0.0973684210526316
1 0.564967105263158 0.4559210526315789 0.11546052631578953 0.1328947368421052
2 0.5240131578947369 0.09605263157894735 0.12828947368421054 0.1789473684210526
2 0.35723684210526313 0.2993421052631579 0.12236842105263157 0.16184210526315787
2 0.9587171052631581 0.8388157894736841 0.08190789473684205 0.16973684210526316
0 0.2950657894736842 0.7927631578947368 0.08486842105263158 0.10657894736842109
1 0.22993421052631582 0.05328947368421053 0.1282894736842105 0.10394736842105264
