0 0.7430037313432836 0.683768656716418 0.15391791044776112 0.18843283582089554
0 0.8745335820895522 0.6184701492537313 0.1315298507462687 0.19589552238805957
0 0.40368470149253727 0.29384328358208955 0.1385261194029851 0.20335820895522388
0 0.7241138059701493 0.8955223880597015 0.1665111940298506 0.18283582089552242
0 0.7437033582089552 0.37126865671641796 0.15251865671641782 0.2052238805970149
1 0.6674440298507461 0.0746268656716418 0.12593283582089548 0.13432835820895522
0 0.11194029850746269 0.08022388059701491 0.12873134328358207 0.1455223880597015
1 0.2602611940298507 0.36473880597014924 0.13152985074626863 0.28171641791044777
0 0.308535447761194 0.6175373134328359 0.11613805970149257 0.15671641791044785
1 0.06016791044776118 0.6492537313432836 0.09794776119402983 0.1343283582089551
1 0.5051305970149252 0.8666044776119404 0.19869402985074622 0.2667910447761194
