2 0.5304276315789473 0.10460526315789474 0.13322368421052638 0.18289473684210528
0 0.6745065789473685 0.3171052631578947 0.11151315789473686 0.12368421052631579
1 0.9291118421052633 0.12236842105263157 0.10756578947368425 0.14210526315789473
0 0.8467105263157896 0.45921052631578946 0.10855263157894754 0.10526315789473685
1 0.6730263157894737 0.7960526315789473 0.14802631578947384 0.16842105263157905
0 0.7909539473684211 0.8769736842105263 0.0976973684210526 0.125
0 0.9463815789473685 0.5789473684210527 0.0828947368421052 0.08947368421052637
0 0.5087171052631579 0.9644736842105263 0.1253289473684211 0.06578947368421041
0 0.5886513157894737 0.7019736842105263 0.08190789473684212 0.125
2 0.45296052631578954 0.6059210526315789 0.12631578947368424 0.1644736842105263
1 0.22253289473684212 0.7309210526315789 0.10756578947368421 0.1223684210526315
1 0.3439144736842106 0.4006578947368421 0.09572368421052638 0.1539473684210526
0 0.09967105263157895 0.2921052631578947 0.08881578947368421 0.12631578947368421
1 0.040953947368421055 0.6223684210526316 0.07598684210526316 0.13157894736842096
0 0.25411184210526316 0.85 0.08388157894736846 0.0894736842105263
