1 0.3587171052631579 0.2565789473684211 0.16282894736842102 0.10526315789473685
1 0.2600328947368421 0.6085526315789473 0.15098684210526314 0.16710526315789478
0 0.559046052631579 0.8118421052631578 0.12138157894736842 0.11578947368421055
1 0.521546052631579 0.5046052631578948 0.15296052631578952 0.20394736842105268
2 0.8891447368421052 0.5407894736842106 0.16776315789473684 0.19210526315789472
0 0.8807565789473685 0.2881578947368421 0.14506578947368426 0.07368421052631578
2 0.7677631578947368 0.09605263157894736 0.1953947368421052 0.11578947368421051
1 0.2570723684210527 0.8453947368421052 0.11546052631578949 0.13026315789473686
1 0.0399671052631579 0.6776315789473685 0.07796052631578948 0.14473684210526322
0 0.10263157894736842 0.2335526315789474 0.15197368421052634 0.05394736842105264
0 0.12631578947368421 0.03421052631578947 0.08684210526315787 0.05263157894736842
0 0.8190789473684211 0.9138157894736842 0.10657894736842109 0.125
