0 0.09989539748953974 0.601813110181311 0.11820083682008367 0.12691771269177132
0 0.27353556485355646 0.5892608089260809 0.10564853556485357 0.1520223152022315
0 0.1553347280334728 0.2796373779637378 0.12656903765690378 0.15202231520223147
1 0.4257322175732217 0.2308228730822873 0.15062761506276154 0.1910739191073919
0 0.815376569037657 0.42189679218967924 0.1370292887029288 0.19386331938633192
0 0.8666317991631799 0.7907949790794979 0.1056485355648536 0.15899581589958175
1 0.714958158995816 0.9086471408647141 0.1244769874476988 0.14644351464435146
2 0.5993723849372385 0.5111576011157601 0.16527196652719658 0.25801952580195253
0 0.7243723849372385 0.12343096234309624 0.12238493723849359 0.15760111576011154
1 0.16370292887029286 0.099721059972106 0.1433054393305439 0.12691771269177127
