1 0.27828947368421053 0.5585526315789474 0.11447368421052634 0.13815789473684212
1 0.08486842105263159 0.3730263157894737 0.10065789473684213 0.13552631578947363
1 0.4485197368421053 0.4815789473684211 0.0917763157894737 0.10789473684210528
1 0.5570723684210527 0.47368421052631576 0.07401315789473699 0.1289473684210526
1 0.34786184210526316 0.8782894736842105 0.14901315789473682 0.1355263157894737
1 0.6582236842105263 0.9309210526315789 0.11842105263157904 0.09868421052631589
1 0.8738486842105263 0.7269736842105263 0.10756578947368425 0.07763157894736836
0 0.9128289473684211 0.8019736842105263 0.10657894736842109 0.09868421052631575
1 0.3024671052631579 0.15328947368421056 0.1351973684210526 0.1118421052631579
1 0.4376644736842106 0.23421052631578945 0.08388157894736835 0.09736842105263158
2 0.09572368421052634 0.8592105263157896 0.16381578947368425 0.08684210526315794
1 0.7164473684210526 0.5598684210526316 0.09671052631578946 0.10921052631578945
0 0.493421052631579 0.7717105263157894 0.05921052631578945 0.0723684210526315
0 0.9478618421052633 0.3190789473684211 0.06414473684210535 0.09342105263157897
