1 0.1525186567164179 0.5307835820895522 0.16511194029850745 0.17350746268656714
2 0.29664179104477606 0.7938432835820897 0.18470149253731344 0.19216417910447758
0 0.05876865671641791 0.9617537313432836 0.11753731343283581 0.07649253731343293
0 0.13362873134328357 0.14458955223880599 0.13572761194029848 0.1361940298507463
1 0.3071361940298507 0.25373134328358204 0.14692164179104472 0.208955223880597
1 0.4848414179104477 0.17723880597014927 0.1357276119402985 0.21268656716417908
1 0.6702425373134328 0.25093283582089554 0.11473880597014934 0.2294776119402985
0 0.6947294776119403 0.7164179104477613 0.12733208955223888 0.1268656716417911
2 0.5093283582089552 0.6436567164179103 0.1511194029850747 0.21268656716417908
1 0.8381529850746268 0.5046641791044776 0.11194029850746276 0.17723880597014927
1 0.8773320895522387 0.07835820895522388 0.10914179104477598 0.15671641791044777
1 0.9617537313432836 0.5597014925373134 0.07649253731343293 0.26492537313432835
