0 0.08323798627002288 0.33066361556064067 0.07379862700228833 0.1258581235697939
2 0.1141304347826087 0.7299771167048056 0.1733409610983982 0.17848970251716254
0 0.7182494279176204 0.8054919908466823 0.08409610983981691 0.19221967963386796
0 0.9044622425629291 0.67162471395881 0.0789473684210526 0.12128146453089228
0 0.8280892448512586 0.6178489702517163 0.046338672768878694 0.1876430205949658
0 0.6272883295194509 0.4439359267734554 0.06693363844393602 0.24713958810068648
0 0.5423340961098398 0.4565217391304348 0.048054919908466755 0.24027459954233416
0 0.4496567505720824 0.45308924485125857 0.061784897025171544 0.24713958810068654
0 0.35697940503432496 0.4382151029748284 0.08581235697940504 0.2540045766590389
1 0.26172768878718533 0.3546910755148741 0.08066361556064078 0.26086956521739135
0 0.3286613272311213 0.7700228832951944 0.10469107551487418 0.15331807780320375
0 0.46596109839816935 0.6910755148741419 0.09439359267734553 0.1647597254004576
1 0.5998283752860413 0.7917620137299771 0.11498855835240278 0.2242562929061785
0 0.9814073226544623 0.6727688787185354 0.03718535469107536 0.13272311212814628
0 0.8152173913043478 0.362700228832952 0.07894736842105274 0.23112128146453093
0 0.75 0.10983981693363845 0.0480549199084669 0.15102974828375287
0 0.8246567505720824 0.11784897025171624 0.06006864988558362 0.16704805491990846
