2 0.5886727688787186 0.40045766590389015 0.14759725400457677 0.311212814645309
2 0.7868993135011442 0.6807780320366131 0.1836384439359267 0.25400457665903886
1 0.33037757437070936 0.6979405034324943 0.1836384439359268 0.16018306636155608
1 0.29862700228832956 0.34553775743707094 0.1956521739130435 0.27459954233409617
1 0.4616704805491992 0.17505720823798626 0.12013729977116704 0.15789473684210523
1 0.2059496567505721 0.12700228832951943 0.13729977116704806 0.14874141876430205
0 0.8246567505720824 0.26887871853546913 0.13901601830663624 0.14416475972540044
1 0.7971967963386729 0.09496567505720827 0.14244851258581248 0.1670480549199085
0 0.06092677345537758 0.6155606407322654 0.10469107551487415 0.17848970251716245
0 0.17505720823798626 0.8832951945080092 0.13386727688787187 0.18306636155606412
1 0.5397597254004577 0.7883295194508009 0.1493135011441648 0.17162471395881013
0 0.4968535469107552 0.9496567505720824 0.10469107551487411 0.10068649885583525
0 0.9336384439359269 0.9073226544622426 0.11327231121281471 0.13501144164759737
