2 0.382695895522388 0.13992537313432835 0.384794776119403 0.20149253731343283
1 0.05387126865671641 0.48805969864574833 0.10774253731343282 0.14776118833627272
2 0.29594216417910446 0.6651119402985074 0.2896455223880597 0.25186567164179097
0 0.03218283582089552 0.7763059673024648 0.06436567164179104 0.24664178535119802
1 0.5163246268656717 0.33582089552238803 0.23787313432835824 0.13059701492537315
1 0.6464552238805968 0.5 0.251865671641791 0.14925373134328354
0 0.7255130597014925 0.7397388059701493 0.12733208955223888 0.15858208955223888
2 0.9211753731343282 0.7863805970149255 0.15764925373134347 0.1809701492537313
1 0.6576492537313433 0.0419776119402985 0.142723880597015 0.08395522388059701
0 0.9183768656716417 0.3460820895522388 0.16324626865671651 0.1548507462686568
0 0.2546641791044776 0.9552238805970148 0.18190298507462685 0.08955223880597017
