1 0.8626399253731342 0.49253731343283585 0.11333955223880608 0.1902985074626865
0 0.8129664179104477 0.9113805970149254 0.10354477611940296 0.1212686567164178
1 0.5715951492537313 0.5708955223880597 0.07695895522388063 0.18283582089552242
2 0.4260727611940298 0.41977611940298504 0.08815298507462685 0.18283582089552233
0 0.19659514925373134 0.2994402985074627 0.060167910447761194 0.21082089552238806
0 0.6625466417910446 0.22201492537313428 0.06296641791044777 0.2350746268656716
2 0.1105410447761194 0.628731343283582 0.1791044776119403 0.23134328358208955
1 0.4225746268656716 0.15671641791044777 0.08395522388059704 0.16044776119402987
1 0.8346548507462686 0.06902985074626866 0.1189365671641792 0.13805970149253732
1 0.9472947761194028 0.13619402985074625 0.0699626865671641 0.22014925373134325
0 0.5219216417910446 0.9449626865671641 0.06996268656716417 0.11007462686567165
