0 0.6039473684210527 0.7118421052631578 0.10460526315789466 0.11578947368421055
0 0.3049342105263158 0.8585526315789473 0.09868421052631579 0.1118421052631578
1 0.8541118421052633 0.5111842105263158 0.11743421052631575 0.14342105263157898
0 0.8832236842105263 0.3605263157894737 0.06710526315789465 0.0789473684210526
0 0.6399671052631579 0.2421052631578947 0.0996710526315789 0.11315789473684212
1 0.22450657894736842 0.175 0.08782894736842102 0.12105263157894736
0 0.3888157894736842 0.4756578947368421 0.09276315789473685 0.08026315789473686
0 0.39621710526315795 0.5703947368421052 0.08190789473684205 0.07763157894736843
0 0.4800986842105263 0.6019736842105263 0.06611842105263158 0.08026315789473677
0 0.6049342105263158 0.9565789473684211 0.09078947368421048 0.08684210526315797
0 0.8985197368421054 0.8302631578947368 0.09375 0.1263157894736841
0 0.042434210526315796 0.8059210526315789 0.0611842105263158 0.06710526315789465
0 0.7199013157894737 0.05263157894736842 0.05822368421052616 0.07894736842105261
0 0.4914473684210527 0.1519736842105263 0.09276315789473685 0.08026315789473686
