1 0.3458237986270023 0.11556064073226543 0.18020594965675055 0.1945080091533181
0 0.5680778032036613 0.11556064073226543 0.17505720823798632 0.18535469107551486
0 0.6710526315789473 0.4370709382151029 0.0789473684210526 0.14645308924485126
1 0.8872997711670482 0.16590389016018306 0.16819221967963371 0.15789473684210523
0 0.8023455377574371 0.5217391304347826 0.08409610983981693 0.15102974828375282
0 0.9139016018306634 0.6006864988558352 0.09096109839816947 0.20823798627002282
0 0.7568649885583524 0.8729977116704805 0.15102974828375296 0.1441647597254004
0 0.6101258581235698 0.902745995423341 0.09782608695652172 0.16247139588100679
0 0.4796910755148743 0.8215102974828374 0.09782608695652178 0.2517162471395882
0 0.37585812356979403 0.7597254004576659 0.12700228832951946 0.1967963386727689
0 0.15703661327231122 0.6784897025171623 0.20423340961098402 0.11212814645308918
1 0.20337528604118993 0.3295194508009153 0.27631578947368424 0.14187643020594964
