1 0.37549342105263156 0.5921052631578949 0.13717105263157897 0.1605263157894737
0 0.24967105263157896 0.3032894736842105 0.08684210526315794 0.14078947368421046
1 0.23338815789473685 0.06513157894736843 0.1569078947368421 0.125
1 0.49391447368421054 0.20526315789473684 0.1292763157894737 0.18157894736842103
1 0.4574013157894737 0.7796052631578948 0.14901315789473693 0.13552631578947355
0 0.9157894736842107 0.1986842105263158 0.09276315789473685 0.12368421052631576
0 0.9212171052631579 0.5565789473684211 0.1036184210526315 0.15
1 0.8195723684210526 0.28486842105263155 0.12927631578947385 0.1828947368421053
0 0.6715460526315791 0.5256578947368421 0.13125 0.13815789473684212
0 0.8161184210526317 0.6473684210526315 0.10657894736842109 0.11315789473684205
