0 0.9029605263157896 0.5480263157894737 0.12236842105263164 0.14078947368421055
1 0.6853618421052633 0.24276315789473685 0.10756578947368425 0.14868421052631578
1 0.5802631578947369 0.37828947368421056 0.16381578947368425 0.18026315789473685
1 0.6049342105263158 0.6835526315789474 0.1322368421052632 0.13026315789473678
0 0.18898026315789473 0.544736842105263 0.12532894736842107 0.10526315789473678
1 0.418421052631579 0.33618421052631575 0.13421052631578953 0.12763157894736835
1 0.15 0.1361842105263158 0.15394736842105264 0.16447368421052633
0 0.40016447368421054 0.052631578947368425 0.13717105263157897 0.08421052631578949
1 0.8348684210526316 0.9414473684210526 0.1223684210526315 0.09342105263157904
0 0.39128289473684214 0.7223684210526317 0.0898026315789474 0.12105263157894741
0 0.4949013157894737 0.8092105263157896 0.07006578947368425 0.12894736842105275
0 0.9751644736842106 0.9335526315789474 0.0496710526315789 0.13289473684210534
0 0.2348684210526316 0.8605263157894737 0.08684210526315791 0.08947368421052644
