1 0.5363486842105264 0.5039473684210527 0.10559210526315795 0.10526315789473685
0 0.5644736842105263 0.5993421052631579 0.1263157894736842 0.0855263157894737
1 0.8412828947368421 0.6078947368421054 0.10361842105263165 0.09736842105263158
1 0.8605263157894737 0.6907894736842107 0.14407894736842108 0.07631578947368425
0 0.26447368421052636 0.14539473684210524 0.08881578947368425 0.10394736842105264
0 0.29950657894736843 0.25592105263157894 0.10953947368421048 0.1144736842105263
2 0.11595394736842105 0.7296052631578948 0.1845394736842105 0.20394736842105274
1 0.4677631578947368 0.9388157894736843 0.1401315789473684 0.09868421052631589
1 0.6261513157894737 0.17171052631578945 0.09375 0.10657894736842106
1 0.8896381578947369 0.03947368421052632 0.0878289473684211 0.05789473684210526
0 0.8832236842105265 0.09868421052631579 0.10263157894736864 0.0631578947368421
