1 0.4376644736842106 0.5671052631578948 0.1351973684210526 0.16315789473684206
0 0.3824013157894737 0.8269736842105264 0.10559210526315788 0.1486842105263159
1 0.6207236842105265 0.9046052631578948 0.09276315789473678 0.10657894736842095
1 0.7736842105263159 0.8684210526315791 0.09276315789473685 0.1526315789473685
1 0.8654605263157896 0.6197368421052631 0.09078947368421054 0.12894736842105267
1 0.7327302631578948 0.3230263157894737 0.11743421052631575 0.19605263157894734
1 0.375 0.2125 0.10065789473684213 0.1460526315789474
1 0.18108552631578947 0.9611842105263159 0.13717105263157897 0.07763157894736836
0 0.5457236842105263 0.06184210526315789 0.10855263157894733 0.07368421052631578
0 0.1993421052631579 0.4861842105263158 0.08289473684210527 0.1144736842105263
