0 0.6092677345537758 0.6533180778032036 0.13729977116704803 0.18993135011441653
0 0.5946796338672771 0.9302059496567506 0.13215102974828377 0.13958810068649882
1 0.7791762013729978 0.6098398169336385 0.15446224256292906 0.2128146453089245
0 0.799771167048055 0.8157894736842105 0.09954233409610992 0.10755148741418764
1 0.7328375286041191 0.3478260869565218 0.17162471395881013 0.21967963386727693
0 0.943649885583524 0.4405034324942792 0.11270022883295183 0.2036613272311213
0 0.9565217391304348 0.15446224256292906 0.08695652173913032 0.1990846681922197
1 0.4367848970251717 0.45766590389016015 0.23169336384439368 0.22425629290617854
0 0.22654462242562928 0.723112128146453 0.11670480549199087 0.12814645308924483
0 0.2591533180778032 0.5503432494279177 0.09267734553775743 0.13958810068649882
0 0.054919908466819226 0.7700228832951944 0.10983981693363845 0.18077803203661333
1 0.38100686498855835 0.17505720823798626 0.1853546910755149 0.17620137299771166
1 0.15875286041189932 0.32265446224256294 0.16304347826086957 0.18306636155606404
1 0.42734553775743706 0.7414187643020594 0.11327231121281464 0.20137299771167036
