0 0.13013059701492538 0.6305970149253731 0.13152985074626866 0.18656716417910446
2 0.41767723880597013 0.42257462686567165 0.21408582089552242 0.4123134328358209
1 0.20569029850746268 0.21455223880597013 0.1427238805970149 0.19029850746268656
1 0.6835354477611939 0.08768656716417912 0.1861007462686567 0.17537313432835824
2 0.35191231343283574 0.8805970149253731 0.28404850746268656 0.2388059701492537
2 0.6751399253731343 0.628731343283582 0.27285447761194037 0.167910447761194
1 0.9190764925373134 0.7817164179104478 0.1618470149253733 0.32835820895522394
0 0.037080223880597014 0.40783581804873337 0.07416044776119403 0.19552239375327954
1 0.4246735074626865 0.08488805970149255 0.23647388059701493 0.125
0 0.9694496268656715 0.15485074626865672 0.06110074626865682 0.13432835820895522
0 0.6611473880597013 0.9776119402985074 0.09654850746268658 0.04477611940298516
