3 0.15446224256292906 0.2276887871853547 0.1990846681922197 0.3592677345537758
2 0.476258581235698 0.13615560640732266 0.18707093821510298 0.2356979405034325
1 0.6573226544622426 0.2757437070938215 0.12356979405034338 0.23112128146453087
3 0.9196224256292906 0.4851258581235698 0.16075514874141875 0.25171624713958807
1 0.9070366132723112 0.2070938215102975 0.14244851258581234 0.2540045766590389
1 0.6907894736842105 0.6762013729977118 0.15274599542334094 0.18535469107551486
1 0.833237986270023 0.826086956521739 0.13215102974828383 0.1693363844393592
2 0.43764302059496596 0.7780320366132726 0.12700228832951937 0.2105263157894732
0 0.38443935926773454 0.4988558352402746 0.16132723112128147 0.24713958810068648
1 0.15532036613272313 0.6395881006864989 0.14931350114416478 0.19908466819221957
