0 0.08955223880597014 0.23694029850746268 0.10074626865671639 0.12313432835820891
1 0.27145522388059695 0.21828358208955223 0.1371268656716418 0.1791044776119403
0 0.4148787313432835 0.03264925373134329 0.12453358208955223 0.06529850746268658
0 0.6492537313432836 0.048507462686567165 0.10074626865671632 0.09701492537313433
1 0.6219682835820894 0.1753731343283582 0.12453358208955223 0.14552238805970147
1 0.8388526119402984 0.33115671641791045 0.1161380597014925 0.11007462686567165
0 0.4428638059701491 0.32089552238805974 0.11054104477611937 0.11194029850746272
0 0.6317630597014925 0.46455223880597013 0.09934701492537307 0.09328358208955223
0 0.4659514925373134 0.7052238805970148 0.08395522388059697 0.10074626865671647
0 0.5380130597014925 0.8013059701492538 0.12453358208955216 0.08022388059701498
2 0.7164179104477612 0.6464552238805971 0.18470149253731336 0.21082089552238814
0 0.8717350746268653 0.6585820895522388 0.08955223880597017 0.13059701492537315
0 0.4015858208955223 0.44589552238805974 0.13712686567164176 0.1268656716417911
