1 0.4163179916317992 0.6562064156206415 0.11715481171548113 0.18828451882845193
1 0.45920502092050214 0.5041841004184101 0.1380753138075314 0.08786610878661094
0 0.7411087866108786 0.3688981868898187 0.11401673640167359 0.14365411436541142
1 0.10721757322175732 0.4616457461645746 0.1412133891213389 0.1785216178521619
0 0.0946652719665272 0.6687587168758716 0.1307531380753138 0.15202231520223136
1 0.225418410041841 0.17642956764295675 0.2081589958158996 0.20223152022315202
2 0.49843096234309625 0.17433751743375175 0.153765690376569 0.18688981868898186
1 0.8859832635983264 0.13668061366806136 0.1359832635983264 0.18410041841004182
1 0.8169456066945606 0.608089260808926 0.15481171548117145 0.1589958158995816
1 0.8608786610878661 0.8326359832635984 0.1589958158995816 0.13110181311018138
