1 0.1810640732265446 0.26086956521739135 0.21453089244851264 0.2334096109839817
1 0.48140732265446234 0.24256292906178487 0.19736842105263158 0.18764302059496568
0 0.7525743707093823 0.20366132723112126 0.20423340961098405 0.2745995423340961
0 0.7834668192219679 0.5011441647597255 0.11842105263157902 0.1967963386727689
0 0.6358695652173912 0.6887871853546911 0.09096109839816932 0.2379862700228832
1 0.767162471395881 0.8867276887871853 0.10297482837528606 0.18077803203661333
1 0.37328375286041193 0.5297482837528604 0.16990846681922192 0.23569794050343248
1 0.06264302059496568 0.5983981693363845 0.11842105263157895 0.2860411899313502
0 0.25829519450800914 0.8180778032036613 0.0737986270022883 0.29977116704805495
1 0.40417620137299776 0.8787185354691076 0.11498855835240271 0.2334096109839817
0 0.9616704805491991 0.2219679633867277 0.0766590389016018 0.2242562929061785
