0 0.46853546910755156 0.6521739130434783 0.1338672768878718 0.22883295194508008
0 0.6770594965675057 0.46109839816933645 0.13558352402746002 0.22196796338672775
0 0.5260297482837529 0.17620137299771169 0.13558352402745996 0.22883295194508013
0 0.3955949656750572 0.34210526315789475 0.0429061784897025 0.2219679633867277
0 0.1836384439359268 0.551487414187643 0.12356979405034325 0.2700228832951945
0 0.04719679633867277 0.7368421052631579 0.09439359267734554 0.2700228832951946
0 0.30377574370709387 0.88558352402746 0.15446224256292912 0.2196796338672769
1 0.7808924485125859 0.7894736842105263 0.2334096109839817 0.265446224256293
1 0.9221967963386729 0.5274599542334096 0.1556064073226544 0.23569794050343248
1 0.9010297482837529 0.16475972540045766 0.17848970251716254 0.2608695652173913
0 0.2419908466819222 0.08237986270022883 0.1441647597254005 0.14187643020594964
0 0.08152173913043478 0.23569794050343248 0.10469107551487415 0.1739130434782609
