1 0.14605263157894738 0.9335526315789474 0.13421052631578947 0.13289473684210534
0 0.4179276315789474 0.9493421052631578 0.0996710526315789 0.09078947368421054
1 0.5294407894736842 0.7401315789473685 0.1036184210526315 0.12763157894736835
2 0.43914473684210537 0.45526315789473687 0.15197368421052637 0.2052631578947368
1 0.1569078947368421 0.08355263157894738 0.11052631578947367 0.1223684210526316
0 0.2546052631578948 0.17171052631578948 0.1125 0.10131578947368423
1 0.527467105263158 0.1513157894736842 0.14703947368421055 0.11578947368421055
1 0.749013157894737 0.25855263157894737 0.12434210526315795 0.14342105263157898
0 0.9537828947368422 0.4 0.0661184210526315 0.09473684210526315
0 0.6675986842105263 0.8927631578947367 0.09769736842105274 0.11973684210526316
0 0.7327302631578949 0.6638157894736841 0.06414473684210535 0.07763157894736836
0 0.7603618421052633 0.5519736842105263 0.1213815789473685 0.1328947368421053
0 0.9236842105263159 0.7684210526315789 0.0730263157894737 0.10526315789473685
0 0.09523026315789472 0.425 0.10361842105263158 0.1
0 0.11348684210526319 0.5414473684210526 0.12828947368421056 0.10921052631578952
1 0.11891447368421054 0.675 0.13519736842105265 0.15
