1 0.323512585812357 0.18993135011441653 0.22826086956521735 0.3386727688787186
1 0.7362700228832952 0.3604118993135012 0.20938215102974822 0.2356979405034325
1 0.24542334096109847 0.5755148741418765 0.22654462242562937 0.2814645308924486
0 0.04805491990846681 0.07208237986270023 0.09610983981693362 0.14416475972540047
0 0.4728260869565218 0.48970251716247143 0.14931350114416475 0.17391304347826092
0 0.41018306636155616 0.6052631578947368 0.11327231121281464 0.19908466819221957
1 0.6341533180778033 0.7482837528604119 0.1733409610983982 0.2196796338672769
0 0.9196224256292906 0.8009153318077803 0.16075514874141875 0.2196796338672769
0 0.34496567505720827 0.9405034324942793 0.1681922196796339 0.11899313501144164
1 0.08323798627002288 0.8764302059496568 0.14931350114416475 0.2013729977116705
