1 0.13502798507462685 0.7583955223880596 0.14412313432835822 0.20335820895522388
1 0.08675373134328357 0.43843283582089554 0.1175373134328358 0.19776119402985082
0 0.41977611940298504 0.7621268656716418 0.0895522388059701 0.1324626865671641
0 0.9172108208955223 0.07742537313432836 0.0853544776119402 0.1548507462686567
1 0.9358675373134328 0.671641791044776 0.12826492537313441 0.12313432835820891
0 0.8227611940298507 0.9617537313432836 0.16231343283582092 0.07649253731343293
0 0.7465018656716418 0.5055970149253731 0.1497201492537313 0.14179104477611937
1 0.6618470149253731 0.8059701492537313 0.1539179104477612 0.17537313432835816
1 0.37709888059701485 0.5345149253731343 0.15251865671641787 0.23320895522388063
1 0.5184235074626866 0.2555970149253731 0.1357276119402979 0.1343283582089552
1 0.3722014925373134 0.14085820895522388 0.1371268656716417 0.24440298507462688
0 0.6184701492537313 0.33955223880597013 0.09514925373134331 0.12313432835820892
