1 0.27545766590389015 0.43363844393592677 0.17334096109839817 0.2906178489702517
0 0.425629290617849 0.47597254004576656 0.09610983981693366 0.2425629290617848
1 0.7242562929061784 0.4988558352402746 0.14416475972540055 0.22883295194508008
1 0.679633867276888 0.17505720823798626 0.17162471395881013 0.26315789473684215
1 0.9299199084668193 0.13958810068649888 0.1401601830663614 0.26086956521739135
1 0.1278604118993135 0.09496567505720822 0.23855835240274595 0.18993135011441648
2 0.25143020594965676 0.8558352402745996 0.18707093821510298 0.2151029748283753
2 0.544908466819222 0.7837528604118993 0.15617848970251713 0.25400457665903886
1 0.7542906178489701 0.8981693363844394 0.14588100686498862 0.2036613272311213
1 0.9353546910755149 0.6773455377574371 0.10640732265446218 0.21510297482837523
