1 0.2595615671641791 0.310634328358209 0.12733208955223876 0.15485074626865672
1 0.1595149253731343 0.5018656716417911 0.1287313432835821 0.13059701492537315
0 0.6093749999999999 0.5671641791044777 0.07975746268656707 0.18283582089552242
0 0.7255130597014925 0.5223880597014925 0.09095149253731336 0.17910447761194034
0 0.7038246268656715 0.2210820895522388 0.08675373134328353 0.13992537313432835
0 0.9011194029850745 0.11473880597014925 0.07555970149253724 0.12126865671641796
1 0.9018190298507461 0.4356343283582089 0.12453358208955223 0.2145522388059701
1 0.810167910447761 0.7201492537313433 0.13712686567164184 0.1791044776119403
1 0.6191697761194029 0.8563432835820897 0.15531716417910438 0.13059701492537315
0 0.6940298507462686 0.9720149253731344 0.1986940298507463 0.05597014925373131
0 0.2854477611940298 0.8115671641791045 0.11473880597014925 0.15298507462686572
0 0.3666044776119402 0.519589552238806 0.07276119402985066 0.14738805970149252
2 0.47224813432835816 0.24626865671641796 0.23087686567164176 0.23880597014925378
1 0.10634328358208954 0.09608208955223882 0.15671641791044777 0.15485074626865672
1 0.06506529850746269 0.7154850746268657 0.13013059701492535 0.21455223880597024
1 0.4582555970149253 0.767723880597015 0.11333955223880593 0.3078358208955223
