1 0.28766447368421055 0.5335526315789474 0.1726973684210526 0.10657894736842109
1 0.5462171052631579 0.638157894736842 0.1253289473684211 0.1605263157894737
1 0.7287828947368422 0.6131578947368422 0.1273026315789474 0.1263157894736842
1 0.7805921052631579 0.4539473684210526 0.08881578947368439 0.11578947368421048
1 0.48996710526315795 0.9197368421052632 0.17467105263157898 0.11842105263157889
0 0.19292763157894735 0.825 0.1273026315789474 0.1394736842105263
0 0.271875 0.10657894736842105 0.07203947368421051 0.12105263157894736
0 0.5175986842105263 0.26710526315789473 0.044407894736842125 0.13157894736842107
1 0.807730263157895 0.12960526315789472 0.0898026315789474 0.1013157894736842
0 0.9735197368421054 0.699342105263158 0.04440789473684191 0.0881578947368422
0 0.8427631578947369 0.8381578947368421 0.1263157894736841 0.1157894736842104
2 0.04490131578947368 0.4013157894736841 0.08980263157894736 0.21052631578947362
