1 0.1825657894736842 0.12565789473684208 0.12828947368421054 0.11973684210526316
2 0.49588815789473684 0.0861842105263158 0.12138157894736842 0.12236842105263156
0 0.8274671052631579 0.2302631578947369 0.07993421052631575 0.09736842105263158
0 0.8600328947368422 0.581578947368421 0.0976973684210526 0.1
0 0.6064144736842106 0.3828947368421052 0.10756578947368425 0.08684210526315787
0 0.41940789473684215 0.2769736842105263 0.10065789473684206 0.09342105263157897
0 0.4924342105263159 0.7171052631578948 0.12039473684210528 0.07368421052631575
1 0.9305921052631579 0.8703947368421052 0.0789473684210526 0.10394736842105275
2 0.6641447368421052 0.8743421052631578 0.13618421052631574 0.14605263157894727
2 0.24769736842105267 0.9348684210526317 0.15197368421052634 0.12763157894736848
0 0.259046052631579 0.7243421052631579 0.11546052631578949 0.10657894736842109
1 0.20032894736842102 0.4203947368421052 0.11644736842105263 0.12763157894736843
1 0.33651315789473685 0.5690789473684211 0.12828947368421054 0.11184210526315788
