1 0.5492070895522387 0.3861940298507463 0.18050373134328354 0.22761194029850745
0 0.44356343283582084 0.5914179104477612 0.10914179104477612 0.1492537313432836
0 0.27495335820895517 0.3479477611940298 0.10494402985074626 0.1772388059701492
0 0.8927238805970147 0.5634328358208955 0.10074626865671635 0.16417910447761203
1 0.07625932835820895 0.1830223852129125 0.1525186567164179 0.18992537882790636
0 0.6450559701492538 0.041044776119402986 0.09794776119402983 0.08208955223880597
0 0.4232742537313433 0.06716417910447761 0.07695895522388063 0.13432835820895522
1 0.4680503731343283 0.8936567164179103 0.1637126865671641 0.21268656716417908
3 0.17490671641791045 0.794776119402985 0.18750000000000003 0.3208955223880596
1 0.7479011194029849 0.923507462686567 0.12173507462686572 0.15298507462686572
0 0.8969216417910445 0.7667910447761195 0.10354477611940299 0.13805970149253738
0 0.7737873134328358 0.3246268656716418 0.05597014925373145 0.14925373134328354
1 0.888526119402985 0.12779850746268656 0.1175373134328359 0.1958955223880597
