2 0.46681922196796344 0.3672768878718536 0.2196796338672769 0.34096109839816935
1 0.7791762013729976 0.4233409610983982 0.1990846681922197 0.22425629290617852
1 0.6032608695652175 0.07437070938215103 0.1939359267734554 0.14874141876430205
2 0.12185354691075516 0.8627002288329519 0.19908466819221968 0.27459954233409606
1 0.22225400457665906 0.2345537757437071 0.20080091533180777 0.17620137299771166
0 0.8993135011441648 0.8009153318077803 0.1441647597254004 0.19221967963386732
0 0.6315789473684211 0.9164759725400458 0.14759725400457677 0.16704805491990854
1 0.4153318077803203 0.7894736842105263 0.2231121281464531 0.23798627002288328
0 0.20251716247139587 0.5331807780320367 0.23684210526315788 0.25171624713958807
0 0.8057780320366131 0.8707093821510299 0.13558352402745996 0.17162471395881013
