0 0.09177631578947368 0.700657894736842 0.15394736842105264 0.10921052631578959
1 0.140625 0.9065789473684212 0.12532894736842107 0.14210526315789465
1 0.39621710526315795 0.7723684210526315 0.11151315789473693 0.1394736842105263
0 0.6310855263157895 0.5592105263157895 0.08388157894736835 0.10526315789473685
0 0.6148026315789474 0.6684210526315789 0.08881578947368418 0.09736842105263158
0 0.8304276315789474 0.8532894736842106 0.10953947368421055 0.10131578947368411
1 0.37746710526315785 0.1513157894736842 0.14111842105263162 0.1394736842105263
0 0.6705592105263158 0.1355263157894737 0.13914473684210527 0.11578947368421053
0 0.6592105263157896 0.04473684210526316 0.15 0.08421052631578947
0 0.7845394736842105 0.2578947368421053 0.1105263157894737 0.09210526315789476
0 0.8353618421052633 0.3506578947368421 0.11348684210526315 0.07500000000000004
2 0.06710526315789475 0.20592105263157898 0.13223684210526318 0.19342105263157894
3 0.23832236842105267 0.5144736842105263 0.17269736842105268 0.2026315789473684
