1 0.261660447761194 0.7369402985074628 0.1371268656716418 0.2052238805970149
1 0.3120335820895522 0.23694029850746273 0.13712686567164176 0.14179104477611942
2 0.38829291044776115 0.4104477611940298 0.25606343283582084 0.19029850746268656
1 0.07835820895522387 0.37406716417910446 0.15671641791044774 0.16231343283582092
1 0.8910914179104478 0.2527985074626866 0.2178171641791046 0.23694029850746276
1 0.5534048507462686 0.6744402985074626 0.18889925373134325 0.23694029850746276
1 0.5450093283582089 0.9048507462686567 0.27845149253731344 0.19029850746268664
1 0.06576492537313433 0.7266791044776119 0.09794776119402984 0.37873134328358204
1 0.7416044776119404 0.6501865671641791 0.16231343283582092 0.19589552238805966
0 0.7800839552238804 0.9328358208955223 0.1497201492537313 0.13432835820895533
