1 0.2059496567505721 0.43135011441647597 0.2093821510297483 0.21739130434782608
0 0.13215102974828377 0.799771167048055 0.15102974828375287 0.2082379862700229
1 0.3501144164759726 0.8947368421052632 0.13729977116704806 0.17848970251716254
1 0.5234553775743708 0.6807780320366134 0.14759725400457668 0.2814645308924486
1 0.6624713958810069 0.38443935926773454 0.17162471395881007 0.34324942791762014
1 0.7971967963386729 0.41647597254004576 0.16647597254004565 0.20594965675057206
2 0.78175057208238 0.856979405034325 0.22826086956521735 0.23112128146453087
0 0.4333524027459954 0.38443935926773454 0.11155606407322657 0.17848970251716248
0 0.5037185354691076 0.14416475972540044 0.14244851258581243 0.17848970251716245
0 0.21796338672768878 0.09153318077803202 0.12356979405034328 0.16933638443935928
1 0.9333524027459955 0.09153318077803202 0.13329519450800903 0.18306636155606404
