3 0.730263157894737 0.824342105263158 0.16776315789473684 0.12763157894736848
3 0.45789473684210535 0.6585526315789474 0.12828947368421048 0.14078947368421063
1 0.37993421052631576 0.39342105263157895 0.06710526315789472 0.05526315789473686
0 0.2891447368421053 0.3190789473684211 0.09671052631578946 0.09078947368421054
1 0.2886513157894737 0.0625 0.15888157894736846 0.09605263157894736
1 0.05328947368421053 0.3394736842105263 0.07697368421052633 0.10526315789473681
3 0.1825657894736842 0.8118421052631579 0.11249999999999999 0.1631578947368422
1 0.45049342105263157 0.8901315789473685 0.0996710526315789 0.14078947368421055
0 0.8116776315789473 0.24473684210526314 0.0661184210526315 0.09210526315789473
2 0.8166118421052632 0.43157894736842095 0.1351973684210526 0.16052631578947363
0 0.5511513157894737 0.09671052631578948 0.08388157894736835 0.09342105263157896
1 0.42483552631578947 0.4605263157894737 0.13519736842105268 0.09736842105263158
0 0.2190789473684211 0.5296052631578947 0.09276315789473681 0.10131578947368425
