0 0.5254934210526316 0.30000000000000004 0.12927631578947363 0.1631578947368421
0 0.6745065789473685 0.7203947368421052 0.1805921052631579 0.17763157894736842
0 0.44703947368421054 0.5855263157894737 0.14013157894736836 0.1657894736842105
0 0.20131578947368425 0.12565789473684208 0.1282894736842105 0.13552631578947366
0 0.15592105263157896 0.2638157894736842 0.1223684210526316 0.11184210526315788
0 0.07549342105263158 0.4559210526315789 0.11151315789473686 0.10657894736842102
0 0.9251644736842107 0.8868421052631578 0.09375 0.12105263157894726
0 0.23536184210526315 0.7914473684210526 0.16282894736842107 0.1855263157894737
0 0.7825657894736843 0.11644736842105263 0.075 0.12763157894736843
0 0.8521381578947369 0.4769736842105263 0.1194078947368422 0.18026315789473693
0 0.5087171052631579 0.9592105263157894 0.15690789473684214 0.0815789473684211
