0 0.5932835820895521 0.2798507462686567 0.1315298507462687 0.15671641791044774
1 0.8360541044776119 0.17350746268656714 0.09934701492537315 0.208955223880597
1 0.6513526119402984 0.6921641791044776 0.14412313432835816 0.19402985074626863
2 0.4281716417910447 0.5354477611940298 0.1763059701492537 0.2835820895522388
1 0.1392257462686567 0.19496268656716417 0.22248134328358204 0.22201492537313436
0 0.3386194029850745 0.05317164179104478 0.167910447761194 0.09141791044776121
0 0.19029850746268653 0.8796641791044776 0.12313432835820896 0.1361940298507463
0 0.2280783582089552 0.5177238805970148 0.10354477611940296 0.2630597014925373
0 0.05317164179104477 0.9227611911830619 0.10634328358208954 0.08358209524581682
0 0.09584888059701493 0.7408582061084349 0.19169776119402987 0.13395522957417497
0 0.4911380597014924 0.8311567164179103 0.11753731343283574 0.15858208955223874
0 0.041977611940298504 0.3835820867054498 0.08395522388059701 0.11343284151447357
2 0.9214085820895521 0.8432835820895522 0.09654850746268664 0.31343283582089554
