1 0.6074013157894737 0.3335526315789474 0.1865131578947369 0.15657894736842104
1 0.19934210526315796 0.13223684210526315 0.20723684210526322 0.09342105263157896
1 0.305921052631579 0.6697368421052632 0.16184210526315795 0.13157894736842102
1 0.5205592105263158 0.8598684210526315 0.18256578947368424 0.1118421052631578
0 0.09523026315789475 0.9473684210526315 0.1569078947368421 0.10526315789473685
2 0.7894736842105263 0.6967105263157896 0.15592105263157904 0.18026315789473685
0 0.8412828947368421 0.8289473684210527 0.13914473684210535 0.1
0 0.9300986842105263 0.32763157894736833 0.11151315789473686 0.08684210526315787
0 0.8792763157894737 0.22828947368421054 0.075 0.05394736842105264
0 0.2511513157894737 0.5513157894736842 0.08190789473684208 0.09473684210526322
