1 0.48750000000000004 0.9065789473684212 0.13421052631578945 0.17368421052631589
1 0.5817434210526317 0.7111842105263158 0.09769736842105253 0.19605263157894734
3 0.6404605263157896 0.2546052631578948 0.17763157894736836 0.18026315789473685
1 0.23930921052631582 0.7276315789473685 0.06809210526315787 0.12894736842105275
1 0.3769736842105263 0.6671052631578948 0.06907894736842103 0.1421052631578948
0 0.39424342105263155 0.37171052631578944 0.07598684210526317 0.21184210526315797
0 0.1529605263157895 0.4539473684210526 0.06710526315789472 0.13421052631578945
0 0.16825657894736842 0.9407894736842105 0.08585526315789477 0.1105263157894737
0 0.9675986842105263 0.7328947368421052 0.062171052631579043 0.12894736842105275
2 0.7786184210526317 0.8973684210526315 0.16184210526315781 0.19999999999999984
0 0.8733552631578948 0.5815789473684211 0.0769736842105263 0.14736842105263157
2 0.27286184210526315 0.11513157894736842 0.11348684210526311 0.1539473684210526
