1 0.1055491990846682 0.1853546910755149 0.2110983981693364 0.2059496567505721
1 0.545766590389016 0.23569794050343248 0.25400457665903886 0.17848970251716245
2 0.6762013729977118 0.08581235697940504 0.14759725400457654 0.15789473684210528
1 0.9259153318077804 0.2013729977116705 0.1184210526315789 0.2013729977116705
1 0.8177917620137299 0.7059496567505721 0.10469107551487418 0.17620137299771166
0 0.3269450800915332 0.45423340961098396 0.09439359267734553 0.2128146453089245
1 0.5878146453089245 0.9141876430205949 0.22826086956521735 0.17162471395881013
0 0.39902745995423344 0.8032036613272311 0.06693363844393595 0.1967963386727689
0 0.17419908466819223 0.6441647597254004 0.11842105263157895 0.17620137299771158
2 0.6950800915331808 0.6453089244851259 0.10983981693363845 0.18764302059496557
1 0.9522311212814646 0.5194508009153318 0.09553775743707078 0.21510297482837523
1 0.9522311212814646 0.9153318077803203 0.09553775743707078 0.16933638443935933
