1 0.6478618421052631 0.3980263157894737 0.1549342105263158 0.1539473684210526
0 0.3685855263157895 0.17828947368421053 0.13322368421052633 0.1355263157894737
0 0.4080592105263159 0.3243421052631579 0.13914473684210527 0.10657894736842106
1 0.3226973684210526 0.6342105263157896 0.12828947368421054 0.16842105263157892
1 0.33799342105263164 0.9368421052631578 0.1667763157894737 0.11052631578947372
0 0.22549342105263162 0.875 0.040460526315789454 0.12368421052631576
0 0.5901315789473685 0.6796052631578948 0.06907894736842103 0.09868421052631589
1 0.8679276315789476 0.3328947368421053 0.10361842105263162 0.13947368421052614
0 0.5738486842105264 0.07697368421052632 0.09769736842105274 0.09868421052631579
0 0.6828947368421053 0.7500000000000001 0.10657894736842102 0.14473684210526316
0 0.8526315789473685 0.638157894736842 0.09078947368421054 0.11842105263157883
0 0.9384868421052633 0.6381578947368421 0.0769736842105263 0.11315789473684205
0 0.0700657894736842 0.26776315789473687 0.06315789473684212 0.09605263157894736
0 0.16628289473684213 0.2993421052631579 0.0641447368421053 0.1171052631578948
