1 0.440625 0.5019736842105263 0.12532894736842096 0.12763157894736843
1 0.12532894736842107 0.7486842105263158 0.1125 0.16315789473684206
2 0.3932565789473685 0.8 0.10361842105263158 0.1289473684210526
0 0.5580592105263159 0.3039473684210526 0.08388157894736842 0.10526315789473681
1 0.7840460526315789 0.15460526315789472 0.08388157894736835 0.14078947368421052
1 0.833388157894737 0.4328947368421053 0.08585526315789466 0.11578947368421055
0 0.7534539473684211 0.8861842105263156 0.07006578947368439 0.12236842105263164
1 0.8407894736842105 0.9526315789473685 0.0967105263157896 0.08421052631578946
0 0.7761513157894737 0.6111842105263158 0.1154605263157896 0.14078947368421063
2 0.31085526315789475 0.31513157894736843 0.09868421052631582 0.1381578947368421
1 0.0587171052631579 0.28618421052631576 0.07401315789473685 0.12763157894736843
1 0.1268092105263158 0.26184210526315793 0.07796052631578948 0.10526315789473684
0 0.3182565789473684 0.6605263157894737 0.06809210526315795 0.10526315789473678
1 0.16825657894736842 0.4842105263157894 0.11151315789473686 0.18421052631578952
0 0.6123355263157895 0.06710526315789474 0.0878289473684211 0.08684210526315789
0 0.4519736842105263 0.28618421052631576 0.049342105263157875 0.08026315789473681
