1 0.5664473684210527 0.40921052631578947 0.16184210526315795 0.1657894736842105
1 0.8018092105263157 0.3368421052631579 0.1411184210526315 0.16052631578947366
0 0.2886513157894737 0.28289473684210525 0.09375 0.1289473684210526
1 0.09078947368421054 0.4210526315789474 0.08881578947368424 0.12894736842105267
1 0.37549342105263167 0.7256578947368422 0.11348684210526319 0.09342105263157904
0 0.1529605263157895 0.6842105263157896 0.09671052631578947 0.07368421052631575
1 0.15838815789473687 0.7855263157894737 0.11151315789473686 0.10526315789473699
0 0.5575657894736843 0.6473684210526315 0.12631578947368424 0.10526315789473685
1 0.61875 0.7598684210526315 0.12039473684210521 0.09605263157894725
0 0.9547697368421052 0.6105263157894738 0.0838815789473685 0.09473684210526313
0 0.2787828947368421 0.16907894736842102 0.07401315789473685 0.09868421052631579
0 0.2797697368421053 0.05065789473684212 0.10756578947368425 0.0986842105263158
1 0.7702302631578948 0.9335526315789474 0.1549342105263159 0.13289473684210534
