2 0.7534981343283582 0.7369402985074626 0.2308768656716417 0.3731343283582088
1 0.4092817164179104 0.7789179104477612 0.2336753731343283 0.3638059701492537
1 0.07765858208955223 0.8498134328358209 0.15531716417910446 0.30037313432835816
1 0.214785447761194 0.49626865671641796 0.13292910447761186 0.23134328358208955
1 0.20778917910447756 0.06902985074626866 0.1749067164179104 0.13805970149253732
2 0.5583022388059701 0.333955223880597 0.26026119402985065 0.25746268656716415
1 0.8661380597014925 0.36660447761194026 0.1399253731343282 0.20335820895522388
1 0.8206623134328358 0.05503731343283583 0.13852611940298515 0.11007462686567165
0 0.5631996268656715 0.048507462686567165 0.15251865671641787 0.09701492537313433
2 0.05876865671641791 0.4777985046158975 0.11753731343283581 0.24589552808163762
