1 0.1455223880597015 0.10727611940298509 0.12313432835820896 0.1361940298507463
0 0.07486007462686567 0.3498134328358209 0.11893656716417912 0.12500000000000003
1 0.2350746268656716 0.8246268656716418 0.16231343283582084 0.22388059701492538
1 0.6394589552238805 0.6035447761194029 0.1958955223880597 0.26305970149253727
0 0.9137126865671641 0.15858208955223882 0.1091417910447761 0.15671641791044777
0 0.829757462686567 0.46082089552238803 0.1343283582089552 0.17164179104477612
1 0.4869402985074626 0.9076492537313433 0.12873134328358204 0.18470149253731336
0 0.7003264925373135 0.15205223880597016 0.1189365671641792 0.11753731343283583
1 0.4596548507462686 0.21361940298507462 0.16651119402985073 0.16231343283582092
1 0.3701026119402984 0.4617537313432835 0.2560634328358209 0.21082089552238806
