0 0.2605263157894737 0.5256578947368421 0.12039473684210523 0.1434210526315789
1 0.47516447368421055 0.4763157894736842 0.1253289473684211 0.13421052631578945
1 0.4761513157894737 0.10592105263157894 0.11940789473684213 0.1723684210526316
0 0.9409539473684211 0.44276315789473686 0.07401315789473685 0.14078947368421055
0 0.06611842105263159 0.5914473684210526 0.0986842105263158 0.1144736842105263
0 0.1125 0.8052631578947369 0.08486842105263158 0.1184210526315789
0 0.23536184210526317 0.7309210526315789 0.09375 0.09078947368421054
1 0.39621710526315795 0.8776315789473685 0.10559210526315795 0.10263157894736835
0 0.8733552631578948 0.6151315789473684 0.0690789473684211 0.08026315789473693
0 0.7800986842105263 0.8894736842105263 0.0641447368421052 0.12368421052631576
