2 0.2668764302059497 0.6784897025171626 0.1802059496567506 0.2219679633867277
0 0.050629290617848974 0.7505720823798626 0.10125858123569795 0.18764302059496557
1 0.13386727688787187 0.39588100686498856 0.26773455377574373 0.19221967963386732
0 0.4076086956521739 0.24027459954233407 0.13901601830663615 0.18764302059496565
2 0.14931350114416478 0.07437070938215103 0.1681922196796339 0.13043478260869565
1 0.6461670480549199 0.700228832951945 0.19393592677345545 0.2242562929061785
1 0.47110983981693366 0.5537757437070938 0.19050343249427912 0.1967963386727689
0 0.8057780320366135 0.902745995423341 0.19736842105263164 0.14874141876430216
0 0.5183066361556063 0.9519450800915331 0.26773455377574373 0.09610983981693366
0 0.6556064073226545 0.23112128146453087 0.15102974828375282 0.1967963386727689
0 0.7705949656750574 0.4897025171624713 0.1819221967963388 0.20137299771167044
0 0.8469679633867279 0.2540045766590389 0.11842105263157904 0.14645308924485126
