1 0.8388157894736844 0.3651315789473684 0.10855263157894726 0.125
1 0.04884868421052633 0.19013157894736843 0.0917763157894737 0.14605263157894735
1 0.17368421052631583 0.9664473684210526 0.09473684210526319 0.06710526315789479
2 0.3162828947368421 0.7335526315789473 0.15098684210526314 0.1381578947368422
1 0.5733552631578948 0.3493421052631579 0.1796052631578948 0.1618421052631579
2 0.5486842105263159 0.5671052631578948 0.14210526315789473 0.16842105263157897
1 0.06315789473684211 0.519078947368421 0.09473684210526317 0.07763157894736836
2 0.8432565789473685 0.7914473684210526 0.1233552631578948 0.1460526315789474
0 0.7791118421052633 0.6355263157894737 0.06809210526315795 0.10789473684210521
1 0.9044407894736843 0.07894736842105263 0.07401315789473685 0.15
