0 0.17076659038901604 0.454233409610984 0.11498855835240276 0.2585812356979405
1 0.15102974828375287 0.799771167048055 0.13386727688787187 0.18993135011441653
0 0.29691075514874143 0.7265446224256293 0.09610983981693366 0.20823798627002282
1 0.32437070938215107 0.351258581235698 0.1613272311212815 0.2540045766590389
0 0.5998283752860413 0.39359267734553777 0.11498855835240278 0.1464530892448512
1 0.5303203661327232 0.7391304347826088 0.17848970251716254 0.27002288329519447
1 0.750858123569794 0.5778032036613273 0.20766590389016032 0.20366132723112124
2 0.8667048054919908 0.2963386727688787 0.16819221967963402 0.2585812356979405
1 0.9522311212814646 0.6922196796338673 0.09553775743707078 0.1990846681922197
1 0.613558352402746 0.16933638443935928 0.16647597254004573 0.2013729977116705
1 0.16132723112128147 0.14302059496567504 0.16132723112128147 0.17620137299771166
