1 0.43371710526315793 0.6355263157894737 0.11743421052631575 0.13947368421052636
1 0.5891447368421053 0.8421052631578949 0.12434210526315795 0.1315789473684211
1 0.758388157894737 0.7657894736842106 0.08190789473684205 0.1184210526315789
1 0.7726973684210526 0.46118421052631575 0.10855263157894754 0.12763157894736843
1 0.740625 0.11776315789473685 0.07796052631578959 0.1118421052631579
0 0.6720394736842107 0.10789473684210528 0.051315789473684245 0.08684210526315789
0 0.889638157894737 0.8467105263157896 0.07796052631578945 0.13815789473684206
2 0.3389802631578948 0.3368421052631579 0.12335526315789473 0.14210526315789476
2 0.2925986842105263 0.6967105263157894 0.09967105263157898 0.14868421052631567
1 0.1509868421052632 0.8473684210526317 0.11842105263157897 0.1105263157894737
0 0.5417763157894737 0.25921052631578945 0.0710526315789474 0.08947368421052626
0 0.6276315789473685 0.46710526315789475 0.06118421052631568 0.10526315789473685
