0 0.2454233409610984 0.2780320366132723 0.14073226544622425 0.23112128146453087
2 0.1209954233409611 0.7482837528604119 0.15961098398169338 0.1967963386727689
1 0.6701945080091534 0.3329519450800915 0.20423340961098396 0.28604118993135014
2 0.4282036613272311 0.6830663615560641 0.1870709382151029 0.25400457665903886
2 0.715675057208238 0.6830663615560641 0.16132723112128156 0.25400457665903886
1 0.8890160183066362 0.665903890160183 0.13043478260869562 0.15102974828375296
1 0.9642448512585813 0.4313501144164759 0.07151029748283748 0.26773455377574373
2 0.8375286041189932 0.13272311212814647 0.1407322654462243 0.16475972540045766
1 0.6332951945080092 0.8798627002288331 0.16132723112128147 0.17162471395881013
1 0.4221967963386728 0.08123569794050343 0.1441647597254004 0.16247139588100687
