0 0.4960354477611939 0.49160447761194026 0.1273320895522388 0.15111940298507462
0 0.23787313432835824 0.6427238805970148 0.09235074626865672 0.1660447761194031
0 0.48833955223880593 0.7518656716417911 0.06996268656716417 0.14925373134328354
0 0.6387593283582089 0.3311567164179104 0.1357276119402985 0.18470149253731344
1 0.6660447761194029 0.10354477611940296 0.1343283582089552 0.15111940298507462
1 0.9025186567164178 0.19309701492537315 0.14832089552238797 0.24440298507462688
1 0.9337686567164178 0.3889925373134328 0.1324626865671644 0.13246268656716417
1 0.8612406716417909 0.5279850746268656 0.1497201492537313 0.13059701492537315
1 0.757695895522388 0.792910447761194 0.088152985074627 0.19029850746268664
1 0.5792910447761195 0.9188432835820897 0.12313432835820898 0.16231343283582092
0 0.030783582089552234 0.8992537313432836 0.06156716417910447 0.20149253731343295
2 0.167910447761194 0.3423507462686567 0.14552238805970147 0.18470149253731344
1 0.42327425373134325 0.21828358208955223 0.11054104477611944 0.17537313432835824
0 0.12103544776119401 0.17164179104477612 0.09934701492537311 0.10447761194029852
