0 0.32121710526315794 0.43223684210526314 0.08980263157894733 0.13026315789473686
1 0.7746710526315789 0.7453947368421052 0.08684210526315794 0.12763157894736835
0 0.721875 0.4296052631578948 0.06414473684210535 0.07763157894736843
0 0.6375000000000001 0.47039473684210525 0.05723684210526315 0.06710526315789465
1 0.48996710526315795 0.5822368421052632 0.0957236842105263 0.11184210526315795
1 0.23930921052631582 0.6210526315789473 0.10559210526315792 0.12631578947368424
0 0.9434210526315792 0.7348684210526315 0.05723684210526315 0.11710526315789466
1 0.8600328947368422 0.1480263157894737 0.0759868421052633 0.10657894736842105
2 0.4830592105263159 0.23026315789473684 0.10953947368421062 0.15000000000000002
0 0.24078947368421055 0.12302631578947368 0.04736842105263161 0.06973684210526315
0 0.17516447368421054 0.1986842105263158 0.08190789473684214 0.09736842105263158
3 0.14407894736842106 0.9407894736842104 0.14407894736842108 0.11842105263157904
1 0.5205592105263159 0.9131578947368421 0.10361842105263158 0.1105263157894737
