1 0.3547108208955224 0.46082089552238814 0.20569029850746268 0.23134328358208955
0 0.5100279850746269 0.28917910447761197 0.08535447761194029 0.14552238805970152
1 0.21618470149253732 0.5774253731343283 0.09934701492537311 0.2332089552238805
0 0.20289179104477612 0.2723880597014925 0.083955223880597 0.12686567164179105
0 0.027285447761194025 0.7557835792427633 0.05457089552238805 0.16753731912641384
2 0.48064365671641796 0.8703358208955223 0.17210820895522383 0.20335820895522388
1 0.9400652985074626 0.2555970149253731 0.11986940298507479 0.16417910447761191
1 0.7136194029850745 0.5 0.07835820895522388 0.19776119402985073
1 0.7933768656716418 0.33208955223880593 0.07276119402985089 0.18656716417910446
1 0.2560634328358209 0.06529850746268656 0.12313432835820898 0.13059701492537312
1 0.6660447761194029 0.04291044776119403 0.1315298507462687 0.08582089552238806
