1 0.49953358208955223 0.07462686567164178 0.13432835820895528 0.14925373134328357
1 0.1511194029850746 0.13059701492537312 0.1511194029850746 0.26119402985074625
1 0.1294309701492537 0.6156716417910448 0.1497201492537313 0.28358208955223885
1 0.3309235074626865 0.6930970149253731 0.11613805970149256 0.32276119402985076
1 0.515625 0.6436567164179103 0.1161380597014925 0.2537313432835821
2 0.6408582089552239 0.32276119402985076 0.17350746268656722 0.25746268656716415
1 0.9242070895522387 0.8694029850746269 0.12733208955223888 0.2611940298507463
3 0.8896921641791045 0.3395522388059702 0.2206156716417911 0.4514925373134329
0 0.39878731343283574 0.2630597014925373 0.10914179104477612 0.15671641791044777
1 0.782882462686567 0.8218283582089552 0.1469216417910448 0.3563432835820896
