0 0.27355410447761197 0.3367537313432836 0.12453358208955226 0.2294776119402985
0 0.033582089552238806 0.3052238777502259 0.06716417910447761 0.15074627435029445
0 0.028684701492537313 0.5291044747651513 0.057369402985074626 0.16194030420104064
0 0.10634328358208954 0.8414179104477612 0.10354477611940299 0.15298507462686572
0 0.2525652985074627 0.7108208955223881 0.09375 0.13432835820895533
0 0.4309701492537313 0.6930970149253731 0.11194029850746269 0.15858208955223865
0 0.5645988805970148 0.9412313432835822 0.10214552238805971 0.11753731343283576
1 0.7975746268656717 0.7873134328358209 0.2294776119402985 0.2686567164179104
0 0.6093749999999999 0.3684701492537313 0.14692164179104467 0.18470149253731344
0 0.7451026119402985 0.16231343283582092 0.11054104477611944 0.16791044776119401
0 0.9193097014925372 0.48787313432835816 0.13152985074626855 0.17350746268656714
0 0.9486940298507461 0.17164179104477612 0.09514925373134332 0.20895522388059704
