1 0.2802631578947368 0.22236842105263158 0.1125 0.10263157894736846
1 0.7006578947368421 0.15921052631578947 0.10263157894736835 0.15789473684210523
0 0.12335526315789475 0.7388157894736842 0.07697368421052633 0.09868421052631589
2 0.36661184210526315 0.9078947368421052 0.11151315789473677 0.13947368421052644
1 0.7386513157894737 0.907236842105263 0.11940789473684205 0.11710526315789466
0 0.853125 0.5618421052631579 0.10756578947368425 0.07894736842105267
1 0.5689144736842106 0.5973684210526315 0.11151315789473686 0.13157894736842102
0 0.8279605263157896 0.425 0.0730263157894737 0.0710526315789474
1 0.11151315789473686 0.5769736842105264 0.09078947368421053 0.10394736842105275
0 0.4095394736842106 0.37828947368421056 0.06907894736842103 0.09078947368421054
