2 0.4421052631578948 0.3243421052631579 0.1105263157894737 0.1434210526315789
0 0.6143092105263158 0.23552631578947367 0.07598684210526314 0.09736842105263158
1 0.6320723684210526 0.45526315789473687 0.08782894736842102 0.12368421052631576
1 0.6488486842105264 0.6710526315789473 0.09572368421052638 0.11842105263157897
1 0.7835526315789474 0.6848684210526315 0.0769736842105263 0.11184210526315795
1 0.9138157894736842 0.5440789473684211 0.0730263157894737 0.13815789473684212
1 0.965625 0.3078947368421053 0.0641447368421052 0.1447368421052631
2 0.44703947368421054 0.6559210526315788 0.1519736842105263 0.17500000000000016
0 0.49638157894736845 0.925 0.09078947368421054 0.10789473684210535
1 0.2575657894736842 0.8559210526315789 0.1125 0.1355263157894737
2 0.18848684210526315 0.5322368421052631 0.1282894736842105 0.1934210526315789
2 0.24523026315789476 0.1223684210526316 0.09572368421052638 0.1710526315789474
