1 0.196875 0.5355263157894737 0.13717105263157892 0.18157894736842106
1 0.18947368421052635 0.8789473684210526 0.10065789473684211 0.15
1 0.4529605263157894 0.9506578947368421 0.11052631578947363 0.0960526315789474
0 0.6700657894736842 0.8815789473684209 0.12828947368421048 0.09473684210526313
1 0.16875 0.30328947368421055 0.14210526315789476 0.11184210526315795
0 0.4356907894736842 0.37368421052631584 0.10361842105263158 0.05526315789473685
1 0.4125 0.6605263157894737 0.10855263157894733 0.16315789473684197
0 0.6375 0.5848684210526316 0.05921052631578952 0.1144736842105263
1 0.8763157894736843 0.8453947368421052 0.1421052631578948 0.10394736842105275
2 0.9123355263157896 0.5177631578947368 0.1253289473684211 0.1644736842105263
1 0.440625 0.29078947368421054 0.11743421052631582 0.07894736842105264
