3 0.47319078947368426 0.19013157894736843 0.15296052631578946 0.21710526315789472
1 0.32960526315789473 0.4894736842105263 0.11447368421052634 0.17368421052631583
1 0.41891447368421053 0.8618421052631579 0.12138157894736835 0.14736842105263165
1 0.6611842105263159 0.7513157894736843 0.13026315789473686 0.1
1 0.7840460526315789 0.5763157894736842 0.10953947368421055 0.15526315789473685
1 0.7815789473684212 0.34605263157894733 0.12631578947368438 0.12631578947368421
1 0.15000000000000002 0.7493421052631579 0.10657894736842106 0.1144736842105263
0 0.09572368421052634 0.9078947368421052 0.075 0.0973684210526315
1 0.07648026315789473 0.3907894736842106 0.08980263157894736 0.15000000000000002
1 0.1386513157894737 0.16710526315789476 0.07796052631578951 0.10263157894736845
