0 0.6873355263157896 0.5480263157894737 0.10164473684210534 0.125
1 0.3858552631578948 0.5289473684210526 0.10460526315789473 0.12368421052631583
1 0.2516447368421053 0.5690789473684211 0.08289473684210527 0.1328947368421053
1 0.6745065789473685 0.8651315789473685 0.0957236842105263 0.11447368421052645
0 0.8481907894736844 0.6611842105263157 0.06611842105263165 0.10394736842105261
1 0.8205592105263159 0.39276315789473687 0.07598684210526314 0.14868421052631578
0 0.9207236842105263 0.48684210526315785 0.053289473684210546 0.11315789473684205
0 0.9592105263157896 0.4296052631578947 0.04539473684210535 0.0855263157894737
0 0.9611842105263159 0.3368421052631579 0.05328947368421041 0.0973684210526315
1 0.45444078947368427 0.275 0.07598684210526307 0.11842105263157897
0 0.29161184210526314 0.16644736842105265 0.07006578947368418 0.07763157894736844
0 0.22598684210526318 0.06447368421052631 0.04539473684210527 0.057894736842105256
0 0.30444078947368425 0.08684210526315789 0.0503289473684211 0.05789473684210526
0 0.5861842105263159 0.26776315789473687 0.049342105263157944 0.07236842105263158
0 0.5511513157894737 0.17368421052631577 0.05032894736842095 0.06842105263157895
0 0.07796052631578948 0.42434210526315785 0.07697368421052632 0.06973684210526315
0 0.09325657894736844 0.3348684210526316 0.06217105263157897 0.05657894736842106
0 0.023684210526315794 0.34078947368421053 0.04342105263157896 0.06842105263157898
1 0.029605263157894742 0.46907894736842104 0.05526315789473686 0.0802631578947369
0 0.8925986842105263 0.9302631578947369 0.060197368421052604 0.0894736842105263
