0 0.37154605263157897 0.47236842105263155 0.11940789473684209 0.11315789473684205
1 0.17763157894736842 0.30526315789473685 0.14802631578947367 0.11578947368421055
1 0.13371710526315791 0.0625 0.09769736842105267 0.09868421052631579
1 0.16233552631578949 0.9177631578947368 0.09572368421052635 0.10394736842105261
0 0.14259868421052635 0.7914473684210526 0.07006578947368425 0.0881578947368422
0 0.4524671052631579 0.7276315789473685 0.09967105263157898 0.11578947368421055
0 0.3335526315789474 0.575 0.09868421052631582 0.0921052631578948
1 0.6794407894736844 0.8723684210526315 0.07993421052631575 0.12631578947368424
0 0.5402960526315791 0.40921052631578947 0.07203947368421047 0.1289473684210526
0 0.6148026315789474 0.34934210526315795 0.0710526315789474 0.11184210526315788
2 0.7682565789473685 0.6105263157894737 0.16085526315789467 0.19999999999999993
0 0.37549342105263167 0.9427631578947369 0.07993421052631583 0.0855263157894737
0 0.4628289473684211 0.861842105263158 0.08486842105263158 0.10263157894736849
0 0.3898026315789474 0.18552631578947365 0.0769736842105263 0.10263157894736841
1 0.4949013157894737 0.12236842105263157 0.10756578947368432 0.1263157894736842
0 0.8161184210526317 0.2980263157894737 0.0789473684210526 0.07236842105263161
0 0.040460526315789475 0.4151315789473684 0.06513157894736843 0.10394736842105261
2 0.824013157894737 0.1144736842105263 0.10263157894736835 0.12368421052631579
