0 0.44146455223880593 0.792910447761194 0.12453358208955223 0.16044776119402981
1 0.720615671641791 0.6781716417910448 0.1763059701492537 0.17350746268656722
0 0.765391791044776 0.9347014925373134 0.14272388059701485 0.13059701492537315
0 0.9449626865671641 0.8470149253731344 0.11007462686567165 0.11940298507462685
0 0.1875 0.9291044776119404 0.13712686567164178 0.14179104477611928
1 0.16231343283582084 0.5494402985074627 0.16511194029850743 0.22201492537313428
0 0.03008395522388059 0.21567163894425576 0.06016791044776118 0.132089557932384
0 0.2630597014925373 0.03917910447761195 0.18190298507462688 0.0783582089552239
0 0.49673507462686556 0.06063432835820895 0.17350746268656714 0.09514925373134327
2 0.318330223880597 0.33208955223880593 0.2476679104477612 0.18656716417910452
1 0.9169776119402985 0.1044776119402985 0.1660447761194031 0.14925373134328357
