0 0.9242070895522388 0.4104477611940298 0.07416044776119392 0.11567164179104474
0 0.7534981343283582 0.28824626865671643 0.09654850746268664 0.13246268656716417
1 0.22947761194029848 0.18283582089552242 0.13432835820895528 0.20149253731343283
0 0.0755597014925373 0.46548507462686567 0.1091417910447761 0.13246268656716423
0 0.6940298507462687 0.5354477611940298 0.16791044776119393 0.14925373134328354
0 0.7010261194029852 0.7042910447761195 0.20149253731343278 0.13992537313432835
0 0.2588619402985074 0.4281716417910447 0.1623134328358209 0.15111940298507467
0 0.2595615671641791 0.582089552238806 0.1441231343283582 0.10074626865671639
0 0.4071828358208955 0.7014925373134328 0.09235074626865668 0.10447761194029852
0 0.14972014925373134 0.9440298507462687 0.15111940298507462 0.11194029850746262
0 0.030783582089552234 0.7591417903330789 0.06156716417910447 0.11977612082637962
2 0.48204291044776115 0.8964552238805971 0.28964552238805963 0.1847014925373135
