1 0.7623355263157896 0.13881578947368423 0.11546052631578946 0.14342105263157895
0 0.5289473684210527 0.2986842105263158 0.10657894736842095 0.12368421052631583
2 0.25756578947368425 0.20921052631578949 0.14013157894736838 0.22368421052631582
1 0.35822368421052636 0.9203947368421052 0.13026315789473686 0.13026315789473686
0 0.6009868421052633 0.5618421052631579 0.12039473684210528 0.1605263157894737
1 0.9559210526315789 0.8585526315789471 0.06842105263157876 0.20131578947368425
1 0.8358552631578948 0.4539473684210526 0.09078947368421054 0.11315789473684205
2 0.890625 0.5223684210526316 0.04835526315789465 0.1605263157894737
2 0.7100328947368421 0.8315789473684211 0.14703947368421041 0.17368421052631575
2 0.3419407894736842 0.7151315789473685 0.15690789473684216 0.21710526315789466
