1 0.16973684210526316 0.2960526315789474 0.10460526315789476 0.13421052631578947
1 0.07500000000000001 0.1328947368421053 0.09671052631578948 0.12894736842105262
2 0.23930921052631582 0.6960526315789467 0.09572368421052654 0.31578947368420957
1 0.7480263157894737 0.325 0.08684210526315794 0.12631578947368421
0 0.836842105263158 0.46578947368421053 0.08289473684210534 0.08947368421052637
1 0.9236842105263159 0.6467105263157894 0.0789473684210526 0.10657894736842102
1 0.9532894736842106 0.8427631578947369 0.08092105263157891 0.1513157894736841
1 0.4268092105263158 0.2230263157894737 0.0878289473684211 0.11973684210526311
0 0.4850328947368421 0.34671052631578947 0.12138157894736842 0.13552631578947374
1 0.5832236842105263 0.618421052631579 0.1322368421052632 0.12368421052631576
0 0.6167763157894737 0.7171052631578948 0.11842105263157883 0.10526315789473685
0 0.7100328947368422 0.7815789473684209 0.12927631578947377 0.11842105263157889
0 0.7144736842105265 0.9006578947368421 0.1401315789473684 0.0855263157894737
0 0.643421052631579 0.05394736842105264 0.09473684210526329 0.09473684210526317
