1 0.6878289473684212 0.5230263157894738 0.14802631578947378 0.10921052631578954
0 0.5935855263157896 0.8368421052631578 0.08190789473684212 0.11578947368421055
2 0.8230263157894737 0.8644736842105263 0.1184210526315789 0.14473684210526316
1 0.35921052631578954 0.3789473684210526 0.12434210526315784 0.09210526315789473
0 0.4065789473684211 0.55 0.11447368421052637 0.08421052631578937
1 0.052302631578947364 0.2256578947368421 0.10460526315789474 0.13552631578947374
0 0.2837171052631579 0.07631578947368421 0.11743421052631582 0.09736842105263158
1 0.6582236842105265 0.18815789473684214 0.12828947368421048 0.08684210526315789
1 0.928125 0.30065789473684207 0.11348684210526315 0.10131578947368418
1 0.46578947368421053 0.8552631578947368 0.09473684210526315 0.1368421052631578
1 0.23092105263157897 0.7236842105263159 0.11447368421052634 0.1236842105263159
