1 0.5564853556485356 0.6220362622036262 0.1715481171548118 0.23152022315202225
1 0.8394351464435147 0.4853556485355648 0.13912133891213385 0.1534170153417015
0 0.9471757322175733 0.48256624825662486 0.06171548117154813 0.11994421199442122
0 0.7384937238493723 0.3417015341701534 0.11506276150627613 0.11157601115760105
1 0.6422594142259415 0.16039051603905158 0.19037656903765687 0.1729428172942817
0 0.450836820083682 0.22175732217573219 0.1464435146443514 0.15620641562064155
1 0.3132845188284519 0.6666666666666665 0.13284518828451886 0.17573221757322174
0 0.21234309623430964 0.7468619246861925 0.0585774058577406 0.10739191073919116
1 0.11610878661087867 0.5195258019525802 0.13389121338912133 0.19665271966527192
0 0.1731171548117155 0.10390516039051605 0.11820083682008369 0.11854951185495118
