0 0.6651315789473685 0.5302631578947369 0.10657894736842095 0.1421052631578948
1 0.5782894736842106 0.14210526315789473 0.09276315789473678 0.14473684210526316
2 0.31776315789473686 0.22894736842105265 0.12236842105263161 0.15263157894736842
1 0.05575657894736843 0.3625 0.08388157894736842 0.1723684210526316
1 0.3138157894736842 0.6328947368421052 0.12434210526315795 0.13421052631578945
0 0.6616776315789474 0.7835526315789474 0.07203947368421054 0.1434210526315789
0 0.777138157894737 0.8605263157894737 0.0542763157894737 0.1105263157894737
0 0.8358552631578948 0.1953947368421053 0.06315789473684205 0.16710526315789473
0 0.9207236842105266 0.27960526315789486 0.07302631578947338 0.15921052631578927
0 0.928125 0.4901315789473685 0.07006578947368425 0.13026315789473691
0 0.8768092105263159 0.42236842105263156 0.05625000000000014 0.0789473684210526
