2 0.05317164179104477 0.6830223852129125 0.10634328358208954 0.26529850176910846
1 0.27915111940298504 0.7416044776119404 0.16651119402985073 0.17350746268656722
0 0.9386660447761193 0.9589552238805971 0.12266791044776128 0.08208955223880593
1 0.8185634328358208 0.818097014925373 0.15111940298507476 0.08768656716417908
0 0.5953824626865672 0.7080223880597015 0.1805037313432836 0.13992537313432835
1 0.5170242537313432 0.5139925373134329 0.22527985074626866 0.13992537313432835
1 0.23367537313432835 0.41791044776119407 0.13992537313432835 0.0895522388059701
0 0.27285447761194026 0.5270522388059702 0.12593283582089554 0.08022388059701491
0 0.9435634328358208 0.476679104477612 0.1128731343283583 0.07649253731343286
0 0.5275186567164178 0.18003731343283583 0.1791044776119402 0.12126865671641791
0 0.8185634328358209 0.055970149253731345 0.15111940298507462 0.11194029850746269
1 0.09374999999999999 0.19123134328358207 0.18749999999999997 0.17350746268656717
