1 0.43026315789473685 0.6631578947368421 0.1263157894736842 0.20526315789473693
1 0.2669407894736842 0.4473684210526315 0.12532894736842104 0.15789473684210528
2 0.08437500000000002 0.39342105263157895 0.10164473684210529 0.16315789473684209
1 0.09967105263157894 0.675 0.10855263157894736 0.16578947368421068
1 0.05723684210526317 0.8184210526315789 0.0986842105263158 0.13421052631578959
0 0.6508223684210528 0.14605263157894735 0.14506578947368426 0.10526315789473684
0 0.9320723684210526 0.2743421052631579 0.06414473684210535 0.10921052631578952
3 0.7875000000000001 0.6328947368421052 0.08881578947368439 0.15000000000000008
0 0.3503289473684211 0.1236842105263158 0.06907894736842106 0.08421052631578949
0 0.33256578947368426 0.034210526315789476 0.08092105263157894 0.06842105263157895
0 0.6034539473684211 0.9388157894736843 0.08190789473684212 0.0618421052631578
