1 0.07695895522388058 0.4151119402985074 0.10354477611940296 0.21455223880597013
1 0.15111940298507462 0.14458955223880599 0.08955223880597014 0.18470149253731344
1 0.34281716417910446 0.9496268656716418 0.14272388059701493 0.10074626865671647
2 0.2392723880597014 0.5746268656716418 0.1707089552238805 0.3395522388059702
2 0.5324160447761194 0.751865671641791 0.14412313432835816 0.35447761194029836
2 0.7954757462686567 0.8041044776119404 0.17770522388059704 0.1791044776119402
1 0.3267257462686567 0.16511194029850745 0.08535447761194029 0.2257462686567164
1 0.42117537313432835 0.355410447761194 0.10634328358208954 0.13619402985074622
0 0.44146455223880593 0.07462686567164178 0.06016791044776113 0.11194029850746269
1 0.5967817164179103 0.375 0.12733208955223888 0.22761194029850754
1 0.9232742537313424 0.23507462686567163 0.12826492537313433 0.17910447761194026
0 0.755597014925373 0.2966417910447761 0.07835820895522388 0.13059701492537315
1 0.6282649253731343 0.08208955223880597 0.08675373134328361 0.16417910447761194
0 0.8010727611940298 0.501865671641791 0.15531716417910446 0.2052238805970149
