2 0.08980263157894736 0.5532894736842104 0.15 0.21973684210526315
1 0.2600328947368421 0.27763157894736845 0.11743421052631586 0.1605263157894737
0 0.4307565789473684 0.13289473684210526 0.10953947368421055 0.12368421052631579
0 0.7327302631578948 0.04407894736842105 0.1273026315789474 0.07763157894736841
1 0.7810855263157896 0.5335526315789474 0.11546052631578946 0.16184210526315787
2 0.6759868421052633 0.8697368421052631 0.1006578947368422 0.1473684210526315
2 0.9567434210526317 0.19736842105263158 0.0819078947368422 0.22631578947368425
1 0.2634868421052632 0.6782894736842106 0.08289473684210527 0.10394736842105268
1 0.4125 0.5651315789473684 0.07894736842105267 0.10657894736842109
1 0.5491776315789474 0.4078947368421052 0.1036184210526315 0.09210526315789473
0 0.5797697368421053 0.4789473684210526 0.09769736842105267 0.09210526315789473
0 0.04687500000000001 0.8848684210526315 0.08782894736842106 0.11447368421052645
