0 0.16511194029850743 0.5550373134328358 0.12873134328358207 0.21455223880597019
0 0.2112873134328358 0.05223880597014925 0.15391791044776112 0.1044776119402985
1 0.0552705223880597 0.1792910419293304 0.1105410447761194 0.2794776176338765
1 0.37989738805970147 0.31996268656716415 0.15811567164179102 0.292910447761194
0 0.4547574626865672 0.7565298507462686 0.11194029850746269 0.34141791044776115
0 0.6926305970149252 0.03638059701492538 0.09235074626865682 0.07276119402985076
0 0.34071828358208955 0.9402985074626866 0.08815298507462685 0.11940298507462685
0 0.6394589552238805 0.8768656716417911 0.12593283582089562 0.24626865671641796
1 0.8731343283582086 0.8638059701492538 0.20429104477611942 0.27238805970149244
1 0.7339085820895522 0.35167910447761197 0.23367537313432826 0.4421641791044776
