1 0.5890858208955223 0.42257462686567165 0.10074626865671639 0.1436567164179104
0 0.8486473880597015 0.4860074626865672 0.11054104477611944 0.11753731343283583
0 0.5345149253731343 0.033582089552238806 0.13152985074626863 0.06716417910447761
0 0.41977611940298504 0.5708955223880596 0.10634328358208954 0.1492537313432836
0 0.8066697761194029 0.769589552238806 0.1189365671641792 0.1548507462686567
3 0.5680970149253731 0.8143656716417911 0.20988805970149257 0.2742537313432837
3 0.19729477611940296 0.621268656716418 0.17630597014925375 0.2164179104477612
0 0.06016791044776118 0.1259328358208955 0.07555970149253731 0.10261194029850747
0 0.43236940298507465 0.2220149253731343 0.14832089552238806 0.12313432835820892
1 0.8687033582089552 0.27052238805970147 0.2625932835820896 0.10074626865671643
0 0.7003264925373134 0.12406716417910447 0.14692164179104467 0.11007462686567163
0 0.20848880597014927 0.3861940298507463 0.11194029850746269 0.1567164179104478
1 0.7255130597014925 0.5354477611940298 0.11333955223880582 0.20895522388059704
1 0.36660447761194026 0.9440298507462687 0.09514925373134332 0.11194029850746262
0 0.21758395522388052 0.04011194029850747 0.11893656716417907 0.08022388059701493
0 0.9708488805970148 0.36567164179104483 0.05830223880597032 0.07462686567164177
