1 0.7569962686567167 0.5494402985074627 0.11194029850746276 0.18470149253731336
0 0.9088152985074626 0.8600746268656717 0.12453358208955223 0.1156716417910448
1 0.5862873134328358 0.5139925373134328 0.10074626865671635 0.1511194029850747
0 0.4827425373134328 0.4309701492537313 0.06436567164179102 0.11194029850746269
1 0.4407649253731343 0.30317164179104483 0.17910447761194034 0.1361940298507463
2 0.9263059701492538 0.25373134328358204 0.13992537313432835 0.29850746268656714
1 0.24067164179104472 0.4617537313432835 0.12033582089552236 0.1585820895522388
0 0.35890858208955223 0.6930970149253731 0.13292910447761186 0.11753731343283583
2 0.41697761194029853 0.869402985074627 0.2490671641791045 0.21641791044776126
0 0.6128731343283582 0.1417910447761194 0.09235074626865675 0.1529850746268657
1 0.7290111940298507 0.20522388059701493 0.12313432835820905 0.20522388059701493
1 0.3931902985074626 0.11847014925373134 0.13712686567164184 0.15485074626865672
1 0.6954291044776117 0.7873134328358211 0.21548507462686556 0.1343283582089552
0 0.9708488805970148 0.6333955223880596 0.05830223880597032 0.11753731343283583
1 0.12243470149253731 0.15578358208955223 0.16651119402985073 0.20708955223880599
