0 0.38339552238805963 0.14085820895522388 0.08395522388059704 0.125
0 0.7136194029850745 0.7807835820895522 0.12033582089552239 0.19216417910447758
1 0.505830223880597 0.7416044776119403 0.14412313432835824 0.17350746268656705
0 0.5813899253731343 0.2789179104477612 0.07975746268656707 0.15485074626865672
0 0.6954291044776119 0.3302238805970149 0.0699626865671641 0.17910447761194032
1 0.13502798507462685 0.32182835820895517 0.21408582089552233 0.207089552238806
2 0.23787313432835824 0.6175373134328358 0.24347014925373137 0.22388059701492538
0 0.9561567164179103 0.4869402985074626 0.08768656716417922 0.18283582089552233
0 0.7891791044776119 0.2947761194029851 0.10354477611940299 0.16417910447761191
1 0.4225746268656716 0.33861940298507465 0.15111940298507462 0.18843283582089543
0 0.26935634328358204 0.9608208955223881 0.11333955223880593 0.07835820895522388
