1 0.3828947368421053 0.638157894736842 0.13815789473684215 0.14473684210526322
2 0.5945723684210527 0.5973684210526315 0.10953947368421055 0.15526315789473685
1 0.30641447368421054 0.7414473684210526 0.07993421052631575 0.1539473684210526
0 0.4983552631578948 0.9506578947368421 0.061184210526315896 0.07500000000000014
1 0.5536184210526316 0.8993421052631578 0.0710526315789474 0.09868421052631575
1 0.7884868421052633 0.9256578947368422 0.1046052631578948 0.11447368421052616
1 0.5072368421052631 0.2907894736842105 0.10263157894736842 0.15263157894736842
2 0.20921052631578949 0.3592105263157894 0.0710526315789474 0.10263157894736842
2 0.29161184210526314 0.28618421052631576 0.07203947368421051 0.12499999999999996
1 0.20378289473684214 0.049342105263157895 0.07993421052631583 0.08552631578947369
2 0.11595394736842106 0.06447368421052632 0.06019736842105264 0.11315789473684211
1 0.0611842105263158 0.7927631578947368 0.09473684210526317 0.1460526315789474
1 0.04490131578947369 0.5572368421052631 0.07598684210526317 0.10921052631578945
1 0.8452302631578948 0.12565789473684214 0.11743421052631589 0.11447368421052632
0 0.7213815789473685 0.18223684210526314 0.09868421052631589 0.09078947368421052
0 0.7223684210526317 0.27631578947368424 0.1105263157894737 0.08947368421052633
0 0.889638157894737 0.8078947368421052 0.0976973684210526 0.12368421052631576
1 0.4425986842105263 0.08421052631578949 0.10164473684210527 0.12105263157894738
