2 0.5177238805970148 0.4085820895522388 0.09235074626865669 0.1902985074626865
1 0.43866604477611937 0.8666044776119404 0.1749067164179104 0.1548507462686567
1 0.27285447761194026 0.6072761194029851 0.11194029850746269 0.13992537313432835
2 0.11124067164179102 0.7509328358208954 0.13292910447761191 0.2294776119402985
0 0.2084888059701492 0.3376865671641791 0.09235074626865675 0.24253731343283585
0 0.3505130597014925 0.09701492537313433 0.06016791044776113 0.19402985074626866
2 0.7779850746268656 0.798507462686567 0.1455223880597015 0.2985074626865672
1 0.5771921641791045 0.6837686567164178 0.16371268656716417 0.1847014925373135
2 0.8570429104477612 0.4701492537313433 0.1888992537313433 0.22014925373134325
0 0.8717350746268656 0.21828358208955223 0.20988805970149244 0.1492537313432836
1 0.5722947761194028 0.07649253731343285 0.07276119402985082 0.1529850746268657
