1 0.5560855263157896 0.16184210526315787 0.13914473684210535 0.17105263157894737
1 0.786513157894737 0.10460526315789473 0.08486842105263151 0.16973684210526316
1 0.8476973684210527 0.5855263157894737 0.075 0.1631578947368422
0 0.7460526315789474 0.6815789473684211 0.061184210526315896 0.14473684210526316
1 0.1707236842105263 0.2835526315789474 0.10657894736842106 0.12236842105263157
1 0.4391447368421052 0.4973684210526316 0.10855263157894733 0.2026315789473684
3 0.25263157894736843 0.6638157894736842 0.20328947368421055 0.19868421052631574
0 0.10016447368421053 0.8434210526315788 0.06809210526315787 0.17368421052631589
0 0.6804276315789474 0.3480263157894737 0.060197368421052604 0.18026315789473685
0 0.38733552631578955 0.9717105263157895 0.06611842105263165 0.0565789473684211
1 0.9741776315789474 0.33157894736842103 0.05164473684210517 0.1842105263157894
1 0.2802631578947368 0.04868421052631579 0.16381578947368422 0.09473684210526315
0 0.7203947368421052 0.9309210526315789 0.05723684210526315 0.10657894736842095
