0 0.11644736842105263 0.34210526315789475 0.1144736842105263 0.11578947368421055
0 0.49786184210526324 0.29736842105263167 0.0976973684210526 0.09473684210526312
1 0.5620065789473685 0.5157894736842106 0.14309210526315788 0.1552631578947369
1 0.8506578947368422 0.36381578947368426 0.13618421052631574 0.18289473684210528
1 0.8037828947368422 0.7789473684210526 0.11151315789473686 0.17368421052631575
1 0.6962171052631579 0.5809210526315789 0.07796052631578931 0.11184210526315788
0 0.4055921052631579 0.855263157894737 0.09671052631578952 0.07631578947368425
1 0.13322368421052633 0.7355263157894737 0.11250000000000002 0.0815789473684211
1 0.22351973684210527 0.4453947368421053 0.10756578947368421 0.0960526315789474
1 0.3024671052631579 0.14934210526315791 0.13717105263157897 0.1328947368421053
0 0.6700657894736842 0.11907894736842105 0.11250000000000007 0.09868421052631579
0 0.30789473684210533 0.8532894736842106 0.06710526315789472 0.0776315789473685
