0 0.11893656716417908 0.9067164179104478 0.12873134328358207 0.18656716417910446
0 0.3666044776119402 0.8470149253731344 0.11194029850746269 0.1865671641791046
0 0.6688432835820894 0.7406716417910448 0.08395522388059704 0.212686567164179
0 0.9284048507462686 0.8432835820895522 0.09095149253731337 0.11567164179104467
2 0.25116604477611937 0.47667910447761186 0.20009328358208955 0.25559701492537307
0 0.41767723880597013 0.4729477611940298 0.10774253731343279 0.15485074626865675
0 0.23087686567164176 0.1361940298507463 0.13152985074626866 0.17910447761194032
1 0.6765391791044775 0.2322761194029851 0.16930970149253724 0.22574626865671643
1 0.8227611940298507 0.6651119402985074 0.1902985074626865 0.22201492537313436
0 0.9561567164179103 0.2546641791044776 0.08768656716417922 0.19589552238805966
