2 0.6305921052631579 0.3796052631578947 0.12828947368421048 0.19342105263157894
2 0.2457236842105263 0.2769736842105263 0.13223684210526318 0.1723684210526316
0 0.12878289473684212 0.4763157894736842 0.11151315789473686 0.12368421052631576
1 0.20032894736842105 0.8342105263157894 0.10263157894736842 0.12105263157894741
1 0.3463815789473685 0.9217105263157894 0.08289473684210527 0.1197368421052633
3 0.43371710526315793 0.6052631578947368 0.12532894736842104 0.2763157894736843
2 0.6582236842105263 0.09671052631578947 0.1125 0.15394736842105264
0 0.8861842105263159 0.16578947368421054 0.1046052631578948 0.12631578947368421
0 0.9345394736842106 0.3355263157894737 0.09078947368421054 0.14210526315789473
1 0.9202302631578948 0.6638157894736841 0.0759868421052633 0.14605263157894727
1 0.7578947368421052 0.6335526315789474 0.09868421052631575 0.1960526315789474
0 0.6572368421052631 0.9177631578947368 0.0769736842105263 0.1328947368421052
0 0.8003289473684211 0.8861842105263158 0.075 0.1355263157894737
