2 0.37944078947368426 0.2934210526315789 0.17269736842105263 0.23684210526315788
1 0.9325657894736844 0.8414473684210526 0.09078947368421054 0.12236842105263164
2 0.6858552631578948 0.9019736842105263 0.13815789473684198 0.1907894736842104
3 0.4588815789473684 0.7065789473684211 0.1894736842105263 0.21052631578947384
1 0.09868421052631579 0.5276315789473685 0.13223684210526315 0.12631578947368424
1 0.049835526315789476 0.2039473684210526 0.09572368421052632 0.12631578947368421
0 0.2600328947368421 0.05592105263157894 0.12335526315789473 0.05657894736842104
0 0.6039473684210528 0.23618421052631575 0.07302631578947377 0.08289473684210524
0 0.6838815789473685 0.3907894736842106 0.06907894736842096 0.10789473684210528
0 0.2338815789473684 0.7315789473684211 0.1105263157894737 0.07631578947368425
