0 0.7342105263157894 0.43486842105263157 0.15 0.11973684210526316
0 0.6276315789473683 0.20592105263157898 0.09078947368421048 0.11973684210526318
0 0.2817434210526316 0.2638157894736842 0.09967105263157898 0.11184210526315791
0 0.12680921052631577 0.6210526315789474 0.13914473684210527 0.10263157894736842
0 0.44013157894736843 0.5585526315789474 0.1184210526315789 0.10657894736842109
0 0.6197368421052631 0.7026315789473684 0.11249999999999993 0.10789473684210521
1 0.35723684210526313 0.8210526315789474 0.13815789473684212 0.13947368421052644
2 0.056743421052631596 0.32368421052631574 0.10756578947368423 0.28157894736842104
1 0.955263157894737 0.31513157894736843 0.08881578947368425 0.14868421052631578
0 0.8827302631578948 0.6914473684210526 0.14309210526315794 0.10394736842105275
1 0.8388157894736844 0.9203947368421052 0.13618421052631574 0.11184210526315795
1 0.5037828947368422 0.9460526315789474 0.1411184210526316 0.0789473684210526
0 0.5047697368421052 0.44539473684210534 0.12730263157894733 0.11447368421052623
0 0.37203947368421053 0.06381578947368421 0.10065789473684213 0.09605263157894736
