2 0.1835526315789474 0.23421052631578945 0.12039473684210529 0.15789473684210523
0 0.3523026315789474 0.24342105263157898 0.0671052631578947 0.11052631578947367
1 0.08190789473684212 0.6467105263157894 0.10065789473684213 0.16184210526315787
0 0.234375 0.6703947368421052 0.06809210526315787 0.10921052631578945
0 0.34243421052631573 0.5026315789473683 0.09473684210526315 0.14473684210526322
1 0.5363486842105264 0.39671052631578946 0.11546052631578953 0.15131578947368418
2 0.7746710526315789 0.8131578947368421 0.13026315789473686 0.1315789473684211
0 0.41694078947368424 0.8197368421052631 0.07401315789473685 0.0605263157894737
1 0.07697368421052633 0.9467105263157894 0.1480263157894737 0.10657894736842109
0 0.7120065789473685 0.6269736842105263 0.11743421052631589 0.0723684210526315
0 0.8615131578947368 0.4638157894736842 0.08486842105263151 0.1144736842105263
0 0.7351973684210527 0.21118421052631578 0.13026315789473686 0.15131578947368424
0 0.6123355263157895 0.20986842105263157 0.06809210526315795 0.09868421052631575
1 0.04539473684210527 0.12960526315789472 0.09078947368421053 0.14078947368421052
0 0.9616776315789474 0.8842105263157896 0.0680921052631578 0.13421052631578945
