1 0.21315789473684213 0.5381578947368421 0.15394736842105267 0.14736842105263157
1 0.07302631578947369 0.1980263157894737 0.13815789473684212 0.08552631578947369
1 0.06513157894736843 0.8802631578947369 0.1105263157894737 0.1289473684210526
1 0.4016447368421053 0.7861842105263157 0.12828947368421054 0.15131578947368424
0 0.6375 0.8 0.08881578947368411 0.11578947368421055
1 0.8629934210526317 0.8539473684210526 0.1253289473684211 0.14473684210526316
2 0.3740131578947368 0.12960526315789472 0.13618421052631582 0.15394736842105264
1 0.6123355263157895 0.07828947368421052 0.14703947368421055 0.12236842105263156
1 0.5230263157894737 0.4848684210526315 0.15592105263157896 0.14078947368421046
1 0.8402960526315789 0.45723684210526316 0.14703947368421055 0.10394736842105261
