1 0.15 0.40328947368421053 0.1401315789473684 0.14605263157894732
0 0.3523026315789474 0.5960526315789473 0.11644736842105263 0.11315789473684212
0 0.11151315789473686 0.7401315789473684 0.09868421052631579 0.0855263157894737
0 0.5407894736842106 0.47368421052631576 0.05526315789473678 0.0868421052631578
0 0.3705592105263158 0.305921052631579 0.10953947368421055 0.11184210526315784
0 0.8871710526315789 0.31052631578947365 0.05526315789473685 0.08421052631578953
0 0.9409539473684211 0.41842105263157897 0.07006578947368425 0.10789473684210521
0 0.946875 0.675 0.07006578947368425 0.1
1 0.705592105263158 0.6888157894736842 0.12039473684210521 0.16973684210526302
1 0.5200657894736842 0.8986842105263158 0.1105263157894737 0.1131578947368422
0 0.3064144736842106 0.9440789473684211 0.08388157894736842 0.07763157894736836
0 0.7529605263157896 0.0756578947368421 0.0730263157894737 0.09605263157894736
0 0.5911184210526317 0.26710526315789473 0.07500000000000007 0.09473684210526315
0 0.28273026315789473 0.17368421052631577 0.10164473684210527 0.1
