0 0.5862873134328358 0.07929104477611941 0.08955223880597003 0.11380597014925374
0 0.1322294776119403 0.18563432835820898 0.10214552238805971 0.14738805970149255
0 0.13292910447761191 0.42723880597014924 0.11473880597014924 0.19029850746268656
0 0.2868470149253731 0.2742537313432836 0.09794776119402986 0.16417910447761197
0 0.18470149253731344 0.5718283582089552 0.10634328358208958 0.12873134328358204
1 0.3015391791044776 0.5475746268656717 0.11613805970149255 0.23320895522388063
1 0.19029850746268653 0.8815298507462686 0.15671641791044777 0.17723880597014913
1 0.4022854477611939 0.7061567164179103 0.15531716417910446 0.16231343283582092
1 0.8878264925373135 0.3255597014925373 0.13292910447761186 0.23694029850746265
0 0.7150186567164178 0.4934701492537313 0.10354477611940284 0.1958955223880597
0 0.765391791044776 0.7779850746268656 0.1371268656716417 0.1343283582089552
1 0.5778917910447763 0.8311567164179103 0.14832089552238806 0.22574626865671646
0 0.5792910447761194 0.6044776119402985 0.0839552238805969 0.13805970149253724
0 0.9200093283582089 0.957089552238806 0.11613805970149257 0.08582089552238799
0 0.6863339552238804 0.2957089552238806 0.12173507462686559 0.11007462686567163
