1 0.4273026315789474 0.10986842105263157 0.12434210526315788 0.15657894736842107
1 0.09720394736842106 0.2394736842105263 0.1292763157894737 0.1605263157894737
1 0.6858552631578948 0.3375 0.1085526315789474 0.10921052631578948
1 0.7263157894736841 0.6611842105263157 0.13026315789473686 0.1328947368421053
1 0.3631578947368418 0.5348684210526317 0.09868421052631576 0.10657894736842119
1 0.29161184210526314 0.4664473684210526 0.09177631578947366 0.1144736842105263
1 0.9192434210526317 0.17828947368421053 0.0720394736842107 0.09342105263157896
0 0.4139802631578948 0.8144736842105263 0.05625000000000007 0.0289473684210526
0 0.4865131578947369 0.8210526315789474 0.0414473684210526 0.0605263157894737
3 0.45 0.5953947368421055 0.1124999999999999 0.14868421052631578
