1 0.4246735074626865 0.544776119402985 0.1805037313432836 0.19776119402985068
1 0.5848880597014925 0.4477611940298508 0.11753731343283583 0.22761194029850754
0 0.2413712686567164 0.6567164179104478 0.09095149253731342 0.11940298507462685
0 0.3050373134328358 0.23694029850746268 0.11194029850746269 0.13805970149253732
1 0.5883861940298507 0.16138059701492538 0.09095149253731342 0.1697761194029851
1 0.8542444029850745 0.17723880597014927 0.17490671641791025 0.14925373134328354
0 0.9435634328358208 0.3376865671641791 0.1128731343283583 0.13059701492537312
2 0.7884794776119403 0.5513059701492538 0.1693097014925371 0.25559701492537307
0 0.6331623134328358 0.8041044776119404 0.13852611940298515 0.1455223880597015
0 0.6863339552238805 0.9729477611940299 0.10214552238805964 0.05410447761194021
0 0.7989738805970148 0.917910447761194 0.07555970149253724 0.16417910447761203
1 0.0720615671641791 0.742723877750226 0.1441231343283582 0.16753731912641398
0 0.5044309701492538 0.18283582089552242 0.05736940298507456 0.11940298507462688
2 0.2231809701492537 0.923507462686567 0.2784514925373134 0.15298507462686572
0 0.43446828358208944 0.9617537313432836 0.07416044776119399 0.07649253731343293
