0 0.1161380597014925 0.40671641791044777 0.11473880597014922 0.13432835820895528
0 0.4701492537313432 0.08115671641791046 0.06716417910447767 0.08768656716417912
2 0.4134794776119402 0.46641791044776115 0.22527985074626863 0.26119402985074625
1 0.6324626865671641 0.4486940298507463 0.1539179104477612 0.207089552238806
0 0.12033582089552236 0.6044776119402985 0.09514925373134328 0.11567164179104474
2 0.45405783582089543 0.8143656716417911 0.19169776119402976 0.17350746268656705
1 0.9652518656716417 0.7248134328358209 0.06949626865671661 0.11007462686567152
0 0.8353544776119403 0.48973880597014924 0.09514925373134332 0.12126865671641796
1 0.701026119402985 0.7817164179104478 0.12033582089552226 0.13805970149253738
0 0.30713619402985065 0.11753731343283583 0.16091417910447756 0.15671641791044777
