0 0.09029605263157896 0.2375 0.05032894736842106 0.09078947368421052
2 0.09967105263157898 0.44078947368421056 0.13815789473684215 0.1815789473684211
1 0.19539473684210532 0.7032894736842104 0.12039473684210533 0.14078947368421055
0 0.34046052631578955 0.4 0.08289473684210524 0.13421052631578945
0 0.5245065789473684 0.3986842105263158 0.06414473684210527 0.1394736842105263
1 0.7613486842105263 0.35789473684210527 0.08980263157894726 0.14473684210526316
0 0.8417763157894739 0.1328947368421053 0.0690789473684211 0.10789473684210528
1 0.5082236842105263 0.1243421052631579 0.09078947368421048 0.1328947368421053
1 0.48700657894736854 0.6671052631578948 0.13322368421052638 0.12105263157894726
0 0.7939144736842106 0.8598684210526315 0.10164473684210534 0.09342105263157904
1 0.6518092105263159 0.7355263157894737 0.1154605263157896 0.12105263157894741
0 0.9532894736842107 0.4875 0.0769736842105263 0.09078947368421061
0 0.9261513157894737 0.6546052631578948 0.07401315789473685 0.10394736842105268
