1 0.16381578947368422 0.2743421052631579 0.1125 0.11184210526315788
1 0.1554276315789474 0.6980263157894736 0.10559210526315789 0.10921052631578929
1 0.20625 0.8578947368421052 0.09276315789473681 0.10000000000000014
0 0.6972039473684213 0.7874999999999999 0.0799342105263159 0.1460526315789474
1 0.7593750000000001 0.4769736842105264 0.1115131578947367 0.1328947368421053
1 0.49194078947368425 0.20592105263157898 0.09769736842105267 0.10394736842105264
0 0.4421052631578947 0.28092105263157896 0.06907894736842096 0.09342105263157893
0 0.9695723684210527 0.4440789473684211 0.05427631578947384 0.14342105263157898
0 0.4578947368421053 0.7953947368421052 0.05526315789473685 0.07763157894736836
0 0.40756578947368427 0.8421052631578948 0.06315789473684219 0.11315789473684205
0 0.9108552631578948 0.9618421052631578 0.0828947368421052 0.06052631578947356
