0 0.09165111940298505 0.5270522388059702 0.10494402985074626 0.2332089552238805
0 0.15041977611940294 0.7705223880597015 0.1497201492537313 0.205223880597015
0 0.2980410447761193 0.8805970149253731 0.1399253731343283 0.2388059701492537
0 0.4939365671641791 0.6156716417910448 0.09794776119402983 0.13805970149253718
0 0.3344216417910447 0.1884328358208955 0.08675373134328357 0.11567164179104479
0 0.04757462686567163 0.06716417910447761 0.09514925373134327 0.13432835820895522
0 0.9039179104477612 0.146455223880597 0.12313432835820905 0.18097014925373134
3 0.5443097014925372 0.15671641791044777 0.3106343283582089 0.31343283582089554
1 0.804570895522388 0.7574626865671641 0.181902985074627 0.27611940298507465
2 0.560401119402985 0.824626865671642 0.2392723880597015 0.2686567164179104
