0 0.14259868421052635 0.5013157894736843 0.1036184210526316 0.19736842105263158
0 0.23536184210526317 0.5125 0.07006578947368425 0.16710526315789478
0 0.3271381578947368 0.5703947368421053 0.08980263157894736 0.11973684210526316
0 0.6690789473684211 0.9375 0.10460526315789473 0.1144736842105263
0 0.6952302631578948 0.20263157894736838 0.1253289473684211 0.15789473684210523
0 0.2447368421052632 0.06644736842105264 0.10263157894736842 0.11710526315789474
0 0.48996710526315795 0.18684210526315786 0.0898026315789474 0.11315789473684211
0 0.5092105263157896 0.8671052631578948 0.08486842105263165 0.13157894736842096
0 0.8699013157894737 0.5289473684210526 0.12335526315789494 0.19210526315789472
0 0.305921052631579 0.886842105263158 0.10657894736842113 0.12105263157894741
0 0.6784539473684211 0.4973684210526316 0.10164473684210527 0.14473684210526322
1 0.9485197368421052 0.12105263157894736 0.10296052631578945 0.13157894736842102
0 0.04687500000000001 0.28157894736842104 0.08980263157894738 0.2157894736842105
