1 0.26200657894736845 0.07302631578947368 0.15888157894736843 0.13552631578947366
1 0.40953947368421056 0.10789473684210524 0.0730263157894737 0.1526315789473684
2 0.7850328947368422 0.10657894736842106 0.14506578947368426 0.1605263157894737
1 0.8289473684210528 0.4519736842105263 0.1105263157894737 0.13815789473684206
1 0.7366776315789474 0.6 0.1450657894736841 0.1631578947368422
3 0.6291118421052632 0.8657894736842106 0.20427631578947364 0.1657894736842104
0 0.4356907894736842 0.3953947368421053 0.08190789473684212 0.125
0 0.49391447368421054 0.4809210526315789 0.06019736842105267 0.11973684210526316
0 0.5457236842105263 0.544078947368421 0.06907894736842096 0.1644736842105263
0 0.40608552631578954 0.7368421052631579 0.062171052631578905 0.10263157894736835
1 0.2728618421052632 0.3835526315789474 0.06414473684210527 0.19078947368421048
0 0.21069078947368425 0.6381578947368421 0.05625 0.12368421052631576
0 0.11003289473684212 0.4960526315789474 0.07993421052631579 0.0894736842105263
0 0.09720394736842106 0.1 0.07006578947368423 0.13157894736842102
0 0.6705592105263158 0.2789473684210526 0.08388157894736835 0.09210526315789473
