1 0.4919407894736843 0.5348684210526315 0.10953947368421055 0.11973684210526316
2 0.7327302631578948 0.5835526315789474 0.1351973684210526 0.1486842105263159
0 0.6074013157894738 0.1592105263157895 0.060197368421052604 0.08684210526315789
0 0.2625 0.5480263157894736 0.075 0.10131578947368425
1 0.16430921052631584 0.925 0.09769736842105264 0.13421052631578945
1 0.04983552631578947 0.2657894736842106 0.09967105263157895 0.11052631578947374
1 0.39424342105263166 0.1230263157894737 0.06611842105263158 0.11710526315789474
1 0.9601973684210527 0.48092105263157897 0.0769736842105263 0.17236842105263164
0 0.9434210526315789 0.8401315789473685 0.08289473684210534 0.1144736842105263
0 0.5092105263157896 0.9276315789473685 0.09671052631578952 0.10789473684210521
0 0.5013157894736843 0.6565789473684212 0.06513157894736836 0.07631578947368417
0 0.37203947368421053 0.8401315789473683 0.051315789473684245 0.1434210526315789
