1 0.4491604477611939 0.7080223880597015 0.15111940298507456 0.19962686567164176
1 0.11263992537313432 0.6651119402985075 0.158115671641791 0.19216417910447767
3 0.24836753731343278 0.3348880597014926 0.2756529850746268 0.28917910447761197
1 0.1259328358208955 0.1009328329741065 0.251865671641791 0.11902985643984666
2 0.5429104477611939 0.12313432835820896 0.27145522388059695 0.24626865671641793
2 0.6835354477611939 0.5569029850746269 0.15811567164179102 0.3152985074626866
1 0.9263059701492538 0.6902985074626866 0.09794776119402983 0.1940298507462687
1 0.8885261194029849 0.055970149253731345 0.14832089552238797 0.11194029850746269
1 0.9361007462686567 0.3348880597014925 0.10354477611940299 0.23694029850746268
0 0.7667910447761193 0.9281716417910448 0.10354477611940299 0.1436567164179104
1 0.2112873134328358 0.9449626865671641 0.10354477611940296 0.11007462686567165
1 0.644356343283582 0.8246268656716418 0.11333955223880601 0.14925373134328354
