1 0.6303638059701491 0.22481343283582092 0.16371268656716403 0.2406716417910448
1 0.8332555970149252 0.7164179104477612 0.13572761194029836 0.22388059701492544
0 0.8801305970149252 0.5093283582089552 0.13432835820895533 0.11567164179104474
0 0.6408582089552237 0.8432835820895522 0.1343283582089552 0.13059701492537315
1 0.4652518656716418 0.5764925373134329 0.19169776119402981 0.20149253731343278
0 0.21968283582089548 0.6436567164179103 0.12033582089552236 0.10820895522388056
1 0.13152985074626866 0.3470149253731343 0.10634328358208955 0.16417910447761194
1 0.2567630597014925 0.07835820895522388 0.18050373134328354 0.15671641791044777
0 0.3533115671641791 0.38432835820895517 0.09934701492537307 0.17164179104477617
2 0.28404850746268656 0.8712686567164178 0.22667910447761194 0.18283582089552242
