0 0.8647388059701493 0.10727611940298507 0.13432835820895506 0.12873134328358207
2 0.5156249999999999 0.8880597014925374 0.16091417910447758 0.22388059701492538
1 0.3582089552238806 0.6520522388059702 0.15671641791044771 0.13992537313432826
1 0.7262126865671642 0.601679104477612 0.20429104477611934 0.12126865671641797
0 0.7604944029850745 0.7873134328358208 0.138526119402985 0.09328358208955223
0 0.8017723880597015 0.701492537313433 0.13992537313432835 0.0708955223880598
1 0.6821361940298506 0.2789179104477612 0.21128731343283583 0.14738805970149246
0 0.941464552238806 0.23694029850746268 0.11707089552238813 0.11194029850746272
0 0.4022854477611939 0.5167910447761195 0.11054104477611937 0.08582089552238806
0 0.3596082089552239 0.39832089552238803 0.12873134328358213 0.07276119402985075
1 0.2777518656716418 0.08115671641791045 0.17210820895522386 0.13246268656716417
