1 0.10774253731343282 0.251865671641791 0.12873134328358207 0.23507462686567163
2 0.18889925373134325 0.6072761194029852 0.15111940298507462 0.3041044776119404
0 0.25116604477611937 0.8852611940298507 0.07975746268656714 0.1399253731343282
1 0.3763992537313433 0.444029850746268 0.07555970149253721 0.21641791044776085
2 0.5666977611940297 0.1128731343283582 0.14552238805970133 0.1623134328358209
1 0.38619402985074625 0.24533582089552236 0.1958955223880597 0.16604477611940296
1 0.5436100746268656 0.5363805970149254 0.09654850746268658 0.20335820895522388
2 0.8994869402985074 0.07929104477611941 0.20102611940298515 0.15858208955223882
1 0.7283115671641791 0.29197761194029853 0.16930970149253738 0.16977611940298507
0 0.9589552238805971 0.2630597014925373 0.08208955223880608 0.09701492537313432
0 0.9358675373134328 0.4253731343283582 0.12826492537313441 0.08955223880597017
1 0.47854477611940305 0.744402985074627 0.20149253731343278 0.14925373134328368
1 0.7346082089552237 0.6884328358208955 0.14272388059701485 0.21268656716417916
