0 0.25396455223880593 0.19309701492537315 0.09095149253731347 0.14738805970149257
0 0.3421175373134328 0.30970149253731344 0.060167910447761194 0.1492537313432836
0 0.6065764925373134 0.3069029850746269 0.16091417910447753 0.1623134328358209
1 0.8815298507462686 0.43656716417910446 0.17350746268656705 0.29477611940298515
2 0.921875 0.8479477611940299 0.15625000000000014 0.3041044776119402
1 0.7220149253731343 0.7061567164179106 0.19589552238805957 0.21082089552238806
1 0.21198694029850743 0.6333955223880596 0.10214552238805968 0.1585820895522388
1 0.21128731343283583 0.8833955223880596 0.1707089552238806 0.23320895522388058
0 0.5939832089552239 0.9449626865671641 0.14412313432835824 0.11007462686567165
1 0.04547574626865671 0.11940298507462685 0.09095149253731342 0.2388059701492537
