0 0.09095149253731342 0.6651119402985074 0.09794776119402983 0.15111940298507448
0 0.28404850746268656 0.42723880597014924 0.1427238805970149 0.20149253731343286
0 0.3344216417910447 0.09141791044776121 0.14552238805970144 0.13059701492537315
0 0.039179104477611935 0.2958955195412707 0.07835820895522387 0.09850746838014522
1 0.6107742537313432 0.15485074626865672 0.18330223880597024 0.20895522388059704
0 0.3840951492537313 0.8610074626865674 0.18050373134328349 0.1809701492537313
0 0.5722947761194029 0.5279850746268656 0.13712686567164162 0.15298507462686572
0 0.7388059701492535 0.6371268656716418 0.11753731343283574 0.22201492537313436
0 0.9365671641791045 0.6576492537313433 0.12686567164179124 0.1548507462686567
0 0.8605410447761193 0.023320895522388058 0.07555970149253724 0.046641791044776115
0 0.8836287313432833 0.1791044776119403 0.08815298507462685 0.14179104477611942
0 0.9834421641791045 0.898320895522388 0.03311567164179124 0.125
