2 0.4876399253731343 0.544776119402985 0.14972014925373123 0.3171641791044777
2 0.46455223880597013 0.2630597014925373 0.21268656716417908 0.16044776119402981
1 0.3372201492537313 0.05690298507462686 0.21268656716417908 0.11380597014925373
1 0.7395055970149252 0.4757462686567164 0.11613805970149256 0.16044776119402981
2 0.8659048507462686 0.8274253731343285 0.26819029850746273 0.23694029850746276
1 0.4113805970149253 0.7975746268656715 0.19309701492537304 0.12873134328358204
1 0.13502798507462685 0.8069029850746268 0.15811567164179102 0.1809701492537313
0 0.21128731343283577 0.5671641791044776 0.09794776119402986 0.14179104477611942
1 0.11473880597014924 0.3042910419293304 0.22947761194029848 0.18694029281388466
2 0.7723880597014925 0.21828358208955223 0.2882462686567163 0.17537313432835824
0 0.710820895522388 0.05690298507462686 0.10634328358208961 0.09888059701492537
