0 0.11473880597014925 0.6940298507462687 0.18470149253731344 0.1343283582089552
0 0.2609608208955224 0.9244402985074628 0.1273320895522388 0.12873134328358218
1 0.4260727611940298 0.1333955223880597 0.20569029850746268 0.14365671641791045
0 0.5002332089552239 0.4347014925373135 0.12173507462686572 0.16791044776119407
1 0.21548507462686564 0.06343283582089551 0.11753731343283583 0.12686567164179102
0 0.7800839552238805 0.07276119402985075 0.11333955223880593 0.11567164179104478
0 0.9319029850746268 0.6977611940298507 0.08675373134328353 0.17164179104477617
0 0.9556902985074626 0.4561567164179104 0.07276119402985075 0.14738805970149244
0 0.7716884328358208 0.7901119402985075 0.09934701492537315 0.1436567164179104
1 0.6331623134328356 0.8003731343283582 0.1357276119402985 0.24253731343283594
0 0.9549906716417911 0.15671641791044777 0.06576492537313428 0.17537313432835824
0 0.19099813432835816 0.40951492537313433 0.16371268656716417 0.12873134328358204
1 0.2392723880597015 0.23880597014925378 0.22667910447761191 0.1604477611940299
